1,1,0.61,675.52,50.94,207.58,0.7037,-1,-1,-1
1,2,1370.39,514.35,33.77,100.00,0.6447,-1,-1,-1
1,3,1609.11,558.15,56.10,115.71,0.6023,-1,-1,-1
2,1,-4.93,662.71,51.92,212.54,0.6570,-1,-1,-1
2,2,1371.66,513.66,34.11,101.04,0.6425,-1,-1,-1
2,3,1614.65,550.40,59.85,123.42,0.6602,-1,-1,-1
3,1,-8.04,685.19,51.25,211.89,0.6504,-1,-1,-1
3,2,1373.99,508.77,35.64,105.41,0.5891,-1,-1,-1
3,3,1620.77,548.62,58.97,121.32,0.6539,-1,-1,-1
4,2,1378.47,506.00,36.68,108.57,0.7124,-1,-1,-1
4,3,1628.95,547.32,60.86,125.11,0.7595,-1,-1,-1
4,4,1544.24,552.44,49.87,120.43,0.6529,-1,-1,-1
5,2,1382.54,512.45,37.15,110.39,0.7115,-1,-1,-1
5,3,1636.48,559.58,60.24,123.58,0.6361,-1,-1,-1
5,4,1549.02,559.38,50.24,121.27,0.3998,-1,-1,-1
6,2,1388.11,523.00,36.25,108.59,0.6359,-1,-1,-1
6,3,1644.35,570.20,60.91,124.40,0.7573,-1,-1,-1
7,2,1390.33,519.95,36.85,111.24,0.5820,-1,-1,-1
7,3,1651.37,571.63,62.76,127.98,0.7406,-1,-1,-1
8,2,1393.70,528.86,36.05,109.09,0.6718,-1,-1,-1
8,3,1658.81,575.81,63.83,129.83,0.6627,-1,-1,-1
9,2,1396.94,532.77,35.58,107.64,0.6747,-1,-1,-1
9,3,1664.54,581.99,65.00,132.07,0.6920,-1,-1,-1
10,2,1399.16,539.68,35.50,107.11,0.6591,-1,-1,-1
10,3,1670.66,597.00,63.67,129.01,0.7865,-1,-1,-1
10,1,9.26,728.61,30.23,117.05,0.6397,-1,-1,-1
10,4,1581.51,603.08,50.57,122.18,0.6845,-1,-1,-1
11,2,1401.67,534.77,35.61,107.22,0.6749,-1,-1,-1
11,3,1678.21,584.98,65.96,134.00,0.7657,-1,-1,-1
11,4,1588.19,593.23,51.97,125.80,0.6553,-1,-1,-1
12,2,1403.83,533.65,36.54,109.85,0.6856,-1,-1,-1
12,3,1686.58,589.32,65.56,133.29,0.7709,-1,-1,-1
12,4,1595.93,593.95,52.90,127.98,0.7065,-1,-1,-1
13,2,1407.79,531.90,35.44,106.42,0.7171,-1,-1,-1
13,3,1693.47,591.37,65.11,132.37,0.7226,-1,-1,-1
13,4,1601.61,596.02,52.90,127.06,0.6664,-1,-1,-1
14,2,1409.62,530.53,34.68,103.70,0.6684,-1,-1,-1
14,3,1700.72,586.36,65.33,133.48,0.6837,-1,-1,-1
14,4,1610.59,589.98,53.82,129.20,0.6282,-1,-1,-1
15,2,1412.38,531.77,35.35,105.67,0.5294,-1,-1,-1
15,3,1708.38,585.98,66.65,137.22,0.7500,-1,-1,-1
15,4,1618.65,592.55,53.87,129.67,0.7189,-1,-1,-1
16,2,1416.16,533.06,35.06,105.00,0.5458,-1,-1,-1
16,3,1714.58,590.75,65.84,136.52,0.7422,-1,-1,-1
16,4,1626.74,594.30,54.34,130.45,0.6976,-1,-1,-1
17,2,1418.96,533.42,35.99,107.47,0.6035,-1,-1,-1
17,3,1721.56,590.70,66.46,138.70,0.7096,-1,-1,-1
17,4,1634.16,591.21,55.47,133.64,0.6952,-1,-1,-1
18,2,1421.10,533.70,36.43,108.58,0.6993,-1,-1,-1
18,3,1730.46,593.76,65.76,138.15,0.7042,-1,-1,-1
18,4,1642.89,591.93,55.81,134.84,0.6255,-1,-1,-1
19,2,1423.71,534.43,36.46,108.15,0.7342,-1,-1,-1
19,3,1739.79,595.24,65.95,139.12,0.7481,-1,-1,-1
19,4,1650.76,592.84,55.93,135.37,0.4434,-1,-1,-1
20,2,1425.91,534.86,36.28,106.86,0.7477,-1,-1,-1
20,3,1748.48,596.96,65.98,139.89,0.7429,-1,-1,-1
20,4,1658.11,594.19,55.57,135.42,0.6052,-1,-1,-1
21,2,1427.55,533.40,37.76,110.64,0.6908,-1,-1,-1
21,3,1756.74,597.83,66.00,140.60,0.7462,-1,-1,-1
21,4,1666.12,596.55,56.15,137.09,0.6871,-1,-1,-1
22,2,1431.52,536.92,36.39,105.20,0.6691,-1,-1,-1
22,3,1768.29,601.24,64.81,139.08,0.7483,-1,-1,-1
22,4,1673.42,597.99,57.06,140.12,0.6264,-1,-1,-1
23,2,1432.60,538.27,37.72,108.47,0.6631,-1,-1,-1
23,3,1776.68,600.92,66.67,143.99,0.7717,-1,-1,-1
23,4,1680.21,600.23,57.87,142.51,0.7254,-1,-1,-1
24,2,1435.39,532.90,39.37,113.88,0.6539,-1,-1,-1
24,3,1786.08,596.34,68.89,149.81,0.7111,-1,-1,-1
24,4,1687.23,601.68,58.25,143.23,0.7311,-1,-1,-1
25,2,1437.65,534.43,41.10,119.13,0.6621,-1,-1,-1
25,3,1796.28,601.99,68.37,148.67,0.7095,-1,-1,-1
25,4,1694.19,606.01,59.45,147.26,0.7278,-1,-1,-1
26,2,1440.89,537.27,41.46,119.23,0.7230,-1,-1,-1
26,3,1806.89,606.52,68.02,147.49,0.5900,-1,-1,-1
26,4,1702.85,610.45,60.21,149.38,0.7248,-1,-1,-1
27,2,1444.29,540.81,40.37,115.68,0.7473,-1,-1,-1
27,3,1815.83,610.68,69.78,150.22,0.6523,-1,-1,-1
27,4,1710.66,614.84,60.23,149.44,0.6736,-1,-1,-1
28,2,1449.07,544.62,39.91,112.34,0.7280,-1,-1,-1
28,3,1823.70,611.40,72.36,155.43,0.7715,-1,-1,-1
28,4,1717.79,617.05,61.09,151.86,0.6737,-1,-1,-1
29,2,1452.26,549.26,39.36,110.77,0.7081,-1,-1,-1
29,3,1830.90,617.90,74.06,158.86,0.6925,-1,-1,-1
29,4,1724.40,621.69,63.24,158.17,0.7233,-1,-1,-1
30,2,1455.24,550.38,39.88,111.60,0.6417,-1,-1,-1
30,3,1839.70,621.04,72.57,153.72,0.6343,-1,-1,-1
30,4,1735.19,624.41,63.40,159.70,0.7528,-1,-1,-1
31,2,1457.02,551.50,42.20,118.48,0.6285,-1,-1,-1
31,3,1850.01,626.26,71.12,151.42,0.6390,-1,-1,-1
31,4,1746.79,628.13,61.82,156.47,0.5785,-1,-1,-1
32,2,1460.17,555.85,42.19,119.31,0.6370,-1,-1,-1
32,3,1854.44,633.35,73.02,158.55,0.6872,-1,-1,-1
32,4,1756.61,631.76,61.59,155.97,0.6769,-1,-1,-1
33,2,1463.60,547.32,43.66,123.94,0.7429,-1,-1,-1
33,3,1859.46,626.74,74.04,166.73,0.6662,-1,-1,-1
33,4,1766.77,625.28,60.78,153.89,0.6461,-1,-1,-1
34,2,1467.51,546.20,43.72,124.80,0.7610,-1,-1,-1
34,4,1775.61,622.80,62.09,156.49,0.7453,-1,-1,-1
35,2,1471.11,541.92,44.30,125.95,0.7299,-1,-1,-1
35,4,1785.68,622.93,63.07,157.96,0.6379,-1,-1,-1
36,2,1475.55,538.36,45.04,128.72,0.7514,-1,-1,-1
36,4,1794.56,620.09,66.24,165.19,0.7064,-1,-1,-1
37,2,1479.53,538.24,44.38,127.56,0.7195,-1,-1,-1
37,4,1803.55,621.82,68.38,168.59,0.7729,-1,-1,-1
38,2,1483.03,534.69,44.69,129.71,0.7105,-1,-1,-1
38,4,1811.93,618.89,71.73,175.55,0.7811,-1,-1,-1
39,2,1487.23,537.21,44.18,128.46,0.7030,-1,-1,-1
39,4,1823.12,626.26,71.99,175.06,0.7505,-1,-1,-1
40,2,1491.07,536.69,43.63,127.45,0.7111,-1,-1,-1
40,4,1834.18,626.97,73.20,177.72,0.7794,-1,-1,-1
41,2,1496.00,543.78,42.12,122.06,0.6972,-1,-1,-1
41,4,1844.73,631.43,74.06,179.89,0.7577,-1,-1,-1
42,2,1501.16,546.79,41.90,121.03,0.6868,-1,-1,-1
42,4,1853.08,636.46,73.16,180.66,0.6916,-1,-1,-1
43,2,1505.73,548.49,42.32,122.26,0.6678,-1,-1,-1
43,4,1862.29,642.50,68.52,174.09,0.6621,-1,-1,-1
44,2,1511.35,551.73,41.98,121.03,0.6220,-1,-1,-1
44,4,1870.51,649.20,63.87,169.22,0.6409,-1,-1,-1
45,2,1515.24,554.91,44.01,127.09,0.7575,-1,-1,-1
46,2,1518.63,554.80,45.53,132.64,0.7570,-1,-1,-1
47,2,1523.85,558.21,45.20,132.08,0.7205,-1,-1,-1
48,2,1528.33,559.87,45.60,133.41,0.7090,-1,-1,-1
49,2,1532.74,559.51,46.26,135.83,0.7107,-1,-1,-1
49,10,1625.14,532.14,31.54,90.98,0.7157,-1,-1,-1
50,2,1537.50,558.45,46.71,137.41,0.6966,-1,-1,-1
50,10,1629.21,530.77,31.29,90.45,0.4166,-1,-1,-1
51,2,1542.10,560.82,46.84,137.86,0.6992,-1,-1,-1
51,10,1635.63,532.98,31.03,89.82,0.6433,-1,-1,-1
52,2,1546.47,559.05,49.50,145.67,0.7092,-1,-1,-1
52,10,1639.44,532.44,31.38,90.94,0.5623,-1,-1,-1
53,2,1550.66,557.50,51.21,150.74,0.6876,-1,-1,-1
53,10,1643.74,533.28,30.98,89.86,0.5337,-1,-1,-1
54,2,1553.91,557.46,52.15,153.36,0.7243,-1,-1,-1
54,10,1648.24,534.10,30.84,89.52,0.5927,-1,-1,-1
55,2,1557.69,554.88,53.41,157.49,0.7489,-1,-1,-1
55,10,1653.47,533.30,31.57,91.48,0.6041,-1,-1,-1
56,2,1562.33,554.23,53.27,157.46,0.7373,-1,-1,-1
56,10,1657.50,527.13,34.17,98.78,0.7227,-1,-1,-1
57,2,1567.33,552.86,53.40,157.78,0.7168,-1,-1,-1
57,10,1659.79,522.11,35.74,103.10,0.7179,-1,-1,-1
58,2,1572.16,556.28,52.22,153.77,0.6330,-1,-1,-1
58,10,1661.80,515.96,37.16,107.32,0.6824,-1,-1,-1
59,2,1578.09,561.67,50.66,149.07,0.6308,-1,-1,-1
59,10,1665.18,511.17,38.70,111.20,0.6578,-1,-1,-1
60,2,1581.87,560.47,51.38,151.23,0.6268,-1,-1,-1
60,10,1667.39,510.19,39.11,111.53,0.7210,-1,-1,-1
61,2,1585.31,552.12,53.11,156.71,0.6205,-1,-1,-1
61,10,1669.72,509.08,38.88,109.06,0.7169,-1,-1,-1
62,2,1590.26,554.66,53.11,156.19,0.7001,-1,-1,-1
62,10,1674.22,515.70,38.16,105.16,0.5488,-1,-1,-1
63,2,1596.32,547.73,53.07,156.02,0.6411,-1,-1,-1
63,10,1681.06,514.77,35.65,97.42,0.5719,-1,-1,-1
64,2,1601.77,558.67,52.69,153.30,0.6265,-1,-1,-1
64,10,1687.38,525.27,34.72,95.06,0.6374,-1,-1,-1
65,2,1605.31,561.13,52.43,151.18,0.7297,-1,-1,-1
65,10,1691.12,527.97,33.22,90.78,0.6811,-1,-1,-1
66,2,1611.57,561.64,52.44,150.25,0.7218,-1,-1,-1
66,10,1697.21,522.62,33.57,91.84,0.6913,-1,-1,-1
67,2,1615.29,566.10,53.81,153.52,0.7347,-1,-1,-1
67,10,1700.16,532.01,33.44,90.99,0.6537,-1,-1,-1
68,2,1619.18,565.52,53.87,152.80,0.7318,-1,-1,-1
68,10,1702.83,529.89,33.13,90.12,0.5779,-1,-1,-1
69,2,1623.32,569.62,55.32,156.02,0.7563,-1,-1,-1
69,10,1705.53,535.89,33.55,90.91,0.6500,-1,-1,-1
70,2,1627.47,567.76,55.97,156.84,0.7757,-1,-1,-1
70,10,1706.77,535.57,34.15,92.35,0.5962,-1,-1,-1
71,2,1631.32,570.82,56.84,158.83,0.7564,-1,-1,-1
71,10,1707.93,536.78,34.52,93.27,0.6897,-1,-1,-1
72,2,1633.53,563.22,60.40,169.28,0.7885,-1,-1,-1
72,10,1708.95,536.85,34.26,91.91,0.6906,-1,-1,-1
73,2,1637.86,563.91,61.15,171.64,0.6738,-1,-1,-1
73,10,1710.76,538.44,35.38,93.94,0.5833,-1,-1,-1
74,2,1643.14,568.82,60.77,169.07,0.7210,-1,-1,-1
74,10,1712.50,537.23,35.43,93.57,0.5858,-1,-1,-1
75,2,1646.68,575.46,60.09,165.46,0.7429,-1,-1,-1
75,10,1713.87,538.86,35.66,93.59,0.5706,-1,-1,-1
76,2,1650.21,578.28,60.16,164.43,0.7341,-1,-1,-1
76,10,1715.03,539.53,35.33,91.77,0.5478,-1,-1,-1
77,2,1653.28,580.66,60.67,163.64,0.7195,-1,-1,-1
77,10,1715.89,540.73,35.39,91.11,0.5368,-1,-1,-1
78,2,1656.37,581.92,61.65,164.45,0.7336,-1,-1,-1
78,10,1715.83,541.06,35.69,91.16,0.5829,-1,-1,-1
79,2,1659.09,584.68,62.26,162.90,0.7503,-1,-1,-1
79,10,1715.56,540.64,35.82,90.63,0.5743,-1,-1,-1
80,2,1659.73,583.01,64.65,166.41,0.7249,-1,-1,-1
80,10,1714.78,537.76,36.52,91.61,0.6115,-1,-1,-1
81,2,1661.66,582.67,65.58,167.01,0.7504,-1,-1,-1
81,10,1713.92,536.77,36.72,91.46,0.5704,-1,-1,-1
82,2,1663.17,583.09,67.22,170.08,0.7395,-1,-1,-1
82,10,1713.04,537.11,36.56,91.20,0.6128,-1,-1,-1
83,2,1666.18,582.57,67.78,171.96,0.7061,-1,-1,-1
83,10,1712.48,536.86,36.42,91.09,0.5894,-1,-1,-1
84,2,1666.95,580.59,70.02,176.76,0.7242,-1,-1,-1
84,10,1712.16,535.91,36.60,92.25,0.5715,-1,-1,-1
85,2,1668.90,580.85,71.23,179.62,0.7671,-1,-1,-1
85,10,1711.43,536.10,36.54,92.61,0.4764,-1,-1,-1
86,2,1671.70,580.89,71.19,179.79,0.7646,-1,-1,-1
86,10,1710.96,535.71,32.59,80.53,0.3145,-1,-1,-1
87,2,1673.22,583.51,71.49,180.21,0.7968,-1,-1,-1
88,2,1674.83,582.52,72.81,184.04,0.7977,-1,-1,-1
89,2,1676.95,583.75,74.02,188.45,0.8037,-1,-1,-1
90,2,1679.78,585.21,74.93,192.21,0.7568,-1,-1,-1
91,2,1684.36,594.48,73.66,188.64,0.7887,-1,-1,-1
92,2,1688.10,600.17,73.10,186.88,0.7964,-1,-1,-1
93,2,1689.82,604.85,73.24,186.97,0.8092,-1,-1,-1
94,2,1690.95,607.47,73.52,187.60,0.8040,-1,-1,-1
95,2,1692.74,610.58,74.27,189.29,0.7915,-1,-1,-1
96,2,1695.86,611.68,74.81,190.72,0.7886,-1,-1,-1
97,2,1700.09,613.14,75.66,192.62,0.7860,-1,-1,-1
98,2,1704.16,613.43,76.78,195.59,0.7919,-1,-1,-1
98,20,204.09,580.92,57.19,145.76,0.6216,-1,-1,-1
99,2,1707.15,614.77,77.61,197.39,0.7603,-1,-1,-1
99,20,197.17,578.72,57.85,147.67,0.6654,-1,-1,-1
100,2,1710.14,614.07,78.74,199.78,0.7946,-1,-1,-1
100,20,189.79,585.60,55.92,142.75,0.6085,-1,-1,-1
101,2,1712.15,615.87,79.81,202.18,0.7865,-1,-1,-1
101,20,181.40,583.35,56.68,144.55,0.5850,-1,-1,-1
101,22,1683.51,550.30,43.03,102.70,0.7197,-1,-1,-1
102,2,1714.64,619.49,79.69,200.93,0.8136,-1,-1,-1
102,20,172.92,583.48,56.81,144.82,0.5693,-1,-1,-1
102,22,1681.97,550.45,43.01,102.93,0.7410,-1,-1,-1
102,23,115.91,580.70,58.85,146.32,0.6262,-1,-1,-1
103,2,1716.27,619.60,81.65,204.76,0.8262,-1,-1,-1
103,20,165.12,587.25,56.10,142.79,0.5183,-1,-1,-1
103,22,1680.78,550.46,42.53,102.22,0.7190,-1,-1,-1
103,23,106.33,578.40,60.16,149.75,0.5525,-1,-1,-1
104,2,1717.66,623.61,82.92,206.92,0.8178,-1,-1,-1
104,20,154.46,590.10,54.20,138.45,0.4258,-1,-1,-1
104,22,1679.38,551.46,42.24,102.18,0.7075,-1,-1,-1
104,23,96.05,576.64,60.29,150.19,0.5657,-1,-1,-1
105,2,1719.32,624.64,84.26,209.66,0.8057,-1,-1,-1
105,20,146.90,587.34,55.88,142.25,0.5509,-1,-1,-1
105,22,1677.92,550.18,42.27,103.14,0.6655,-1,-1,-1
105,23,87.04,578.54,59.98,149.65,0.6009,-1,-1,-1
106,2,1723.00,625.86,85.18,212.06,0.7799,-1,-1,-1
106,20,138.78,578.51,59.38,151.34,0.5310,-1,-1,-1
106,22,1674.86,549.38,42.62,105.15,0.6087,-1,-1,-1
106,23,75.78,575.02,61.20,153.40,0.5599,-1,-1,-1
107,2,1725.42,624.29,86.51,216.14,0.7890,-1,-1,-1
107,20,130.00,583.52,57.56,146.97,0.4010,-1,-1,-1
107,22,1672.88,548.10,42.16,105.53,0.5536,-1,-1,-1
107,23,66.49,572.61,62.04,155.96,0.5917,-1,-1,-1
108,2,1727.80,627.59,86.99,217.88,0.8030,-1,-1,-1
108,20,119.32,577.32,59.35,152.73,0.4990,-1,-1,-1
108,22,1671.46,548.70,41.72,106.29,0.4694,-1,-1,-1
108,23,54.81,568.62,63.95,160.58,0.5359,-1,-1,-1
109,2,1729.95,628.53,88.17,221.43,0.8076,-1,-1,-1
109,20,111.99,574.19,60.65,156.56,0.4129,-1,-1,-1
109,22,1670.14,549.33,41.02,106.48,0.5373,-1,-1,-1
109,23,44.69,568.20,63.95,160.64,0.4893,-1,-1,-1
110,2,1731.37,629.25,89.22,224.88,0.8127,-1,-1,-1
110,20,101.60,572.39,60.90,158.46,0.5837,-1,-1,-1
110,22,1668.84,550.48,40.34,107.11,0.3544,-1,-1,-1
110,23,33.68,567.06,65.10,162.56,0.5921,-1,-1,-1
111,2,1732.71,629.90,90.04,227.49,0.8115,-1,-1,-1
111,20,91.99,568.14,62.93,164.67,0.5886,-1,-1,-1
111,23,22.82,563.17,67.36,167.27,0.6223,-1,-1,-1
112,2,1734.68,632.25,90.34,228.18,0.8080,-1,-1,-1
112,20,83.74,572.08,61.67,161.64,0.5701,-1,-1,-1
112,23,13.96,565.64,67.91,166.33,0.5341,-1,-1,-1
113,2,1735.61,634.43,91.01,229.97,0.8039,-1,-1,-1
113,20,73.88,576.18,60.78,160.36,0.5790,-1,-1,-1
113,23,2.80,560.03,70.76,173.34,0.5961,-1,-1,-1
114,2,1737.24,635.57,91.24,230.96,0.7984,-1,-1,-1
114,20,61.68,567.64,63.67,169.16,0.6499,-1,-1,-1
114,23,-0.37,570.87,66.38,164.43,0.5476,-1,-1,-1
115,2,1739.24,636.54,91.56,231.78,0.7915,-1,-1,-1
115,20,50.84,565.74,64.62,172.97,0.6516,-1,-1,-1
115,23,-4.03,573.34,64.38,162.47,0.4662,-1,-1,-1
115,28,144.56,596.51,34.49,105.41,0.6164,-1,-1,-1
116,2,1740.70,636.72,92.65,234.94,0.7989,-1,-1,-1
116,20,41.87,570.97,63.07,170.19,0.6052,-1,-1,-1
116,23,-7.28,581.09,61.63,158.09,0.6271,-1,-1,-1
116,29,326.08,566.96,37.61,110.79,0.6120,-1,-1,-1
117,2,1741.54,638.79,93.99,238.26,0.8085,-1,-1,-1
117,20,31.24,573.50,62.85,170.36,0.5951,-1,-1,-1
117,23,-10.56,583.60,59.60,157.49,0.6280,-1,-1,-1
117,29,317.62,566.56,38.37,112.88,0.5427,-1,-1,-1
118,2,1742.81,638.06,96.18,244.00,0.8036,-1,-1,-1
118,20,21.19,576.96,62.42,169.62,0.5140,-1,-1,-1
118,29,309.03,560.40,40.62,119.83,0.6467,-1,-1,-1
118,30,251.25,571.25,37.88,151.81,0.6612,-1,-1,-1
119,2,1746.44,640.12,97.30,245.98,0.8215,-1,-1,-1
119,20,9.75,572.32,64.94,177.58,0.5951,-1,-1,-1
119,29,300.31,562.42,40.43,119.28,0.5508,-1,-1,-1
119,30,242.25,564.17,40.03,160.42,0.6096,-1,-1,-1
120,2,1750.72,644.17,97.91,245.55,0.8126,-1,-1,-1
120,20,0.59,565.02,67.42,188.02,0.5784,-1,-1,-1
120,29,290.67,560.69,41.95,124.11,0.5785,-1,-1,-1
120,30,230.21,571.44,39.31,156.97,0.6484,-1,-1,-1
120,28,160.90,584.16,46.87,142.18,0.6007,-1,-1,-1
121,2,1753.94,645.50,99.48,248.34,0.8092,-1,-1,-1
121,20,-7.61,555.82,69.18,197.41,0.5797,-1,-1,-1
121,29,284.80,562.94,40.55,120.56,0.6308,-1,-1,-1
121,30,219.81,570.60,40.39,160.84,0.5591,-1,-1,-1
121,28,155.48,585.71,47.62,142.15,0.5885,-1,-1,-1
122,2,1755.88,646.78,100.72,251.77,0.8083,-1,-1,-1
122,20,-12.77,555.60,67.76,199.93,0.6185,-1,-1,-1
122,29,275.82,563.78,40.73,120.93,0.6008,-1,-1,-1
122,30,209.32,573.88,40.43,159.37,0.6580,-1,-1,-1
123,2,1758.74,649.82,101.30,254.51,0.8086,-1,-1,-1
123,29,265.88,559.10,43.46,129.36,0.6607,-1,-1,-1
123,30,199.52,581.67,39.70,154.03,0.5960,-1,-1,-1
124,2,1762.07,649.34,102.68,259.41,0.8160,-1,-1,-1
124,29,259.88,566.97,41.27,123.38,0.5866,-1,-1,-1
124,30,189.82,588.58,38.97,149.04,0.6279,-1,-1,-1
125,2,1767.97,648.66,103.72,262.07,0.8160,-1,-1,-1
125,29,251.24,569.96,40.63,121.47,0.5345,-1,-1,-1
125,30,179.83,591.14,39.63,148.34,0.6423,-1,-1,-1
126,2,1772.65,650.50,104.13,262.99,0.8114,-1,-1,-1
126,29,242.30,567.32,42.07,126.49,0.5828,-1,-1,-1
126,30,168.44,596.40,40.08,145.92,0.5843,-1,-1,-1
127,2,1777.03,651.09,105.32,266.11,0.8200,-1,-1,-1
127,29,234.84,569.41,41.78,126.40,0.5794,-1,-1,-1
127,30,158.87,601.25,40.45,144.40,0.5949,-1,-1,-1
128,2,1780.97,653.34,106.00,267.52,0.8193,-1,-1,-1
128,29,224.06,563.01,43.83,133.56,0.6125,-1,-1,-1
128,30,148.23,603.59,41.42,143.91,0.5498,-1,-1,-1
129,2,1787.11,655.77,107.31,269.42,0.8236,-1,-1,-1
129,29,216.59,566.06,43.45,133.46,0.5914,-1,-1,-1
129,30,135.12,601.00,43.77,150.34,0.5154,-1,-1,-1
130,2,1790.82,657.68,109.10,271.91,0.8219,-1,-1,-1
130,29,208.35,565.44,43.89,135.60,0.5546,-1,-1,-1
130,30,124.13,603.91,45.29,150.70,0.3295,-1,-1,-1
131,2,1794.41,659.12,111.71,276.68,0.8319,-1,-1,-1
131,29,200.34,572.24,42.00,129.62,0.4724,-1,-1,-1
131,30,107.48,600.22,46.87,156.31,0.4307,-1,-1,-1
132,2,1798.57,661.03,114.96,283.55,0.8652,-1,-1,-1
132,29,191.13,569.71,43.07,133.58,0.6432,-1,-1,-1
132,30,94.56,599.60,47.81,160.26,0.4306,-1,-1,-1
133,2,1802.31,662.83,117.00,289.24,0.8824,-1,-1,-1
133,29,182.16,566.68,43.99,136.18,0.5320,-1,-1,-1
133,30,80.26,595.50,49.88,167.45,0.5457,-1,-1,-1
134,2,1804.88,665.10,118.40,294.69,0.8508,-1,-1,-1
134,29,172.54,566.71,44.34,138.40,0.5591,-1,-1,-1
134,30,55.78,580.73,57.31,187.79,0.4959,-1,-1,-1
135,2,1806.46,666.29,119.72,301.24,0.8147,-1,-1,-1
135,29,164.51,569.72,43.93,138.28,0.5435,-1,-1,-1
135,30,39.03,574.64,61.82,197.92,0.5413,-1,-1,-1
136,2,1809.51,669.91,119.32,305.11,0.8375,-1,-1,-1
136,29,155.72,567.86,44.39,140.77,0.3930,-1,-1,-1
136,30,28.36,574.36,63.73,200.60,0.5249,-1,-1,-1
137,2,1813.39,677.36,117.78,307.20,0.7742,-1,-1,-1
137,29,147.24,572.96,43.18,137.80,0.4034,-1,-1,-1
137,30,19.02,573.59,65.04,204.31,0.6259,-1,-1,-1
138,2,1817.35,679.22,116.22,310.70,0.7835,-1,-1,-1
138,29,138.75,572.69,43.51,139.68,0.4940,-1,-1,-1
138,30,8.93,572.78,65.10,205.86,0.6375,-1,-1,-1
139,2,1819.71,679.89,114.95,315.31,0.7701,-1,-1,-1
139,30,0.35,576.46,63.44,202.76,0.6160,-1,-1,-1
140,2,1824.82,682.52,110.73,312.65,0.7505,-1,-1,-1
140,30,-9.17,575.57,64.15,210.56,0.6252,-1,-1,-1
141,2,1830.06,680.41,106.92,312.18,0.6799,-1,-1,-1
141,30,-14.35,579.20,61.12,208.58,0.5907,-1,-1,-1
141,32,1564.44,550.31,36.96,111.21,0.7275,-1,-1,-1
142,2,1837.24,693.51,99.39,300.22,0.6423,-1,-1,-1
142,32,1562.95,552.17,35.93,107.77,0.6806,-1,-1,-1
143,2,1842.70,702.82,94.66,297.12,0.5927,-1,-1,-1
143,32,1559.36,553.82,36.36,108.70,0.5899,-1,-1,-1
144,32,1555.37,556.18,36.47,108.95,0.7093,-1,-1,-1
145,32,1550.29,557.55,36.14,107.77,0.6957,-1,-1,-1
146,32,1546.06,556.46,37.02,110.12,0.6497,-1,-1,-1
146,33,1694.38,573.41,40.86,101.73,0.6214,-1,-1,-1
147,32,1542.00,557.35,36.99,109.49,0.6766,-1,-1,-1
147,33,1691.68,573.53,41.62,103.65,0.5343,-1,-1,-1
148,32,1535.44,555.54,38.59,112.57,0.6901,-1,-1,-1
148,33,1686.19,570.30,42.87,106.41,0.4709,-1,-1,-1
149,32,1527.42,554.89,40.17,113.57,0.6863,-1,-1,-1
149,33,1681.65,569.86,42.85,106.32,0.6105,-1,-1,-1
150,32,1521.73,558.56,40.46,109.59,0.7187,-1,-1,-1
150,33,1678.78,566.43,43.42,107.85,0.6682,-1,-1,-1
151,32,1518.16,559.86,41.54,109.00,0.7009,-1,-1,-1
151,33,1675.63,566.43,43.57,108.28,0.5866,-1,-1,-1
152,32,1514.13,558.59,43.01,110.42,0.6990,-1,-1,-1
152,33,1672.91,566.44,42.84,106.33,0.5131,-1,-1,-1
153,32,1509.34,557.77,44.07,110.08,0.6614,-1,-1,-1
153,33,1673.09,566.27,39.11,97.25,0.4089,-1,-1,-1
154,32,1502.20,554.02,45.74,113.18,0.6689,-1,-1,-1
155,32,1494.88,552.88,45.96,113.09,0.6495,-1,-1,-1
156,32,1488.39,551.03,46.66,115.37,0.6682,-1,-1,-1
157,32,1481.55,551.40,45.94,113.82,0.6720,-1,-1,-1
158,32,1474.09,548.70,46.67,116.00,0.7304,-1,-1,-1
159,32,1468.55,546.92,47.07,117.90,0.7112,-1,-1,-1
160,32,1463.85,545.90,47.05,118.99,0.6753,-1,-1,-1
161,32,1459.64,546.69,46.40,117.96,0.6508,-1,-1,-1
162,32,1456.59,548.89,44.75,113.53,0.6770,-1,-1,-1
163,32,1451.86,549.66,44.99,113.42,0.6457,-1,-1,-1
164,32,1447.35,548.74,45.48,114.19,0.6249,-1,-1,-1
165,32,1441.18,547.95,46.56,115.55,0.6663,-1,-1,-1
166,32,1435.68,548.29,46.89,115.51,0.6798,-1,-1,-1
167,32,1431.26,545.16,47.31,117.19,0.6658,-1,-1,-1
168,32,1426.74,543.34,46.93,117.18,0.6641,-1,-1,-1
169,32,1422.60,543.80,46.53,117.45,0.6759,-1,-1,-1
170,32,1417.98,540.72,47.02,120.22,0.6740,-1,-1,-1
171,32,1412.97,539.30,47.85,123.21,0.5670,-1,-1,-1
172,32,1407.96,535.42,48.26,125.76,0.6204,-1,-1,-1
173,32,1403.08,532.54,48.77,128.41,0.5631,-1,-1,-1
174,32,1399.82,531.26,49.38,130.96,0.6384,-1,-1,-1
175,32,1394.48,531.89,50.18,131.47,0.6645,-1,-1,-1
176,32,1390.12,534.48,50.20,129.55,0.6767,-1,-1,-1
177,32,1386.75,534.23,51.06,130.35,0.7054,-1,-1,-1
178,32,1385.70,534.55,51.24,130.57,0.6719,-1,-1,-1
178,36,292.72,541.74,36.83,81.19,0.6082,-1,-1,-1
179,32,1384.95,535.82,50.63,129.44,0.6810,-1,-1,-1
179,36,289.01,540.51,37.71,83.27,0.6119,-1,-1,-1
180,32,1382.68,535.18,50.70,130.33,0.7040,-1,-1,-1
180,36,284.75,543.15,37.06,81.87,0.5634,-1,-1,-1
181,32,1380.54,536.22,49.06,127.99,0.7124,-1,-1,-1
181,36,280.42,542.95,37.62,83.30,0.5570,-1,-1,-1
182,32,1377.22,537.10,48.45,127.79,0.7275,-1,-1,-1
182,36,274.61,543.54,37.58,83.47,0.5938,-1,-1,-1
183,32,1373.54,536.72,48.29,128.50,0.7399,-1,-1,-1
183,36,270.38,544.11,37.94,84.87,0.6421,-1,-1,-1
184,32,1370.55,536.16,48.08,129.43,0.7634,-1,-1,-1
184,36,265.83,546.16,37.55,84.37,0.6225,-1,-1,-1
185,32,1368.15,534.68,48.34,131.34,0.7475,-1,-1,-1
185,36,261.71,547.57,37.05,83.51,0.5510,-1,-1,-1
186,32,1366.20,534.30,48.08,132.35,0.7192,-1,-1,-1
186,36,258.14,547.36,37.41,84.66,0.5228,-1,-1,-1
187,32,1364.09,533.80,47.81,133.12,0.7051,-1,-1,-1
187,36,253.62,548.25,37.61,85.67,0.5690,-1,-1,-1
188,32,1362.28,534.03,47.84,134.25,0.6752,-1,-1,-1
188,36,248.91,549.60,37.64,86.26,0.5666,-1,-1,-1
189,32,1358.71,532.61,49.02,137.28,0.6417,-1,-1,-1
189,36,244.68,549.96,38.53,89.20,0.5181,-1,-1,-1
190,32,1356.81,533.69,48.84,136.01,0.6758,-1,-1,-1
190,36,240.61,549.81,38.90,90.46,0.5532,-1,-1,-1
191,32,1354.91,534.49,48.96,135.28,0.6663,-1,-1,-1
191,36,237.41,552.94,37.91,88.32,0.5020,-1,-1,-1
192,32,1353.53,539.85,47.41,129.56,0.6262,-1,-1,-1
192,36,234.10,553.09,37.87,88.05,0.5345,-1,-1,-1
193,32,1351.43,540.55,47.94,129.98,0.6603,-1,-1,-1
193,36,229.23,555.64,37.41,86.67,0.6065,-1,-1,-1
194,32,1349.08,541.73,47.60,128.63,0.6725,-1,-1,-1
194,36,225.42,558.81,36.75,85.54,0.5888,-1,-1,-1
195,32,1346.48,541.47,48.03,129.66,0.6875,-1,-1,-1
195,36,221.47,559.91,36.16,84.59,0.5122,-1,-1,-1
196,32,1344.89,542.02,48.22,130.82,0.6782,-1,-1,-1
196,36,217.85,560.99,36.72,86.32,0.4654,-1,-1,-1
197,32,1343.67,541.45,48.18,131.79,0.6293,-1,-1,-1
197,36,213.53,561.91,36.69,86.40,0.4672,-1,-1,-1
198,32,1343.22,542.66,46.69,128.66,0.4941,-1,-1,-1
198,36,210.45,562.65,36.22,85.84,0.5394,-1,-1,-1
199,32,1342.69,543.42,45.82,126.77,0.6218,-1,-1,-1
199,36,206.21,562.85,36.42,86.65,0.5186,-1,-1,-1
200,32,1341.80,544.95,45.71,126.58,0.6267,-1,-1,-1
200,36,202.47,563.64,37.22,88.43,0.4726,-1,-1,-1
201,32,1341.23,547.89,44.85,124.06,0.6503,-1,-1,-1
201,36,198.95,563.99,37.20,89.15,0.4735,-1,-1,-1
202,32,1339.60,548.49,45.06,124.44,0.6763,-1,-1,-1
202,36,193.87,563.58,38.13,91.57,0.6059,-1,-1,-1
202,37,1620.35,553.08,51.93,123.76,0.6072,-1,-1,-1
203,32,1338.70,551.26,44.27,120.91,0.7051,-1,-1,-1
203,36,190.20,564.01,38.67,92.22,0.5574,-1,-1,-1
203,37,1622.68,553.49,52.25,124.68,0.5664,-1,-1,-1
204,32,1337.66,551.26,44.73,121.27,0.7168,-1,-1,-1
204,36,187.48,565.47,38.59,91.83,0.5613,-1,-1,-1
204,37,1628.27,552.68,51.60,123.50,0.6135,-1,-1,-1
205,32,1336.01,548.00,46.04,124.64,0.7263,-1,-1,-1
205,36,182.58,566.76,38.28,91.20,0.5739,-1,-1,-1
205,37,1630.38,554.53,50.29,120.60,0.6115,-1,-1,-1
206,32,1335.52,547.85,46.31,125.21,0.7371,-1,-1,-1
206,36,178.56,567.76,38.28,90.72,0.5752,-1,-1,-1
206,37,1629.06,554.90,51.19,122.36,0.5101,-1,-1,-1
207,32,1334.24,548.80,46.74,126.37,0.7599,-1,-1,-1
207,36,173.42,569.88,38.86,92.09,0.5725,-1,-1,-1
207,37,1629.54,556.64,51.59,122.60,0.4882,-1,-1,-1
208,32,1333.17,547.57,47.76,128.78,0.7474,-1,-1,-1
208,36,168.84,570.56,38.95,92.37,0.5600,-1,-1,-1
208,37,1639.04,556.84,50.68,122.11,0.4171,-1,-1,-1
209,32,1331.50,545.25,49.00,132.10,0.7468,-1,-1,-1
209,36,165.27,569.84,39.21,93.00,0.5244,-1,-1,-1
209,37,1642.85,558.22,50.53,123.08,0.6142,-1,-1,-1
210,32,1329.98,543.08,49.69,134.33,0.7449,-1,-1,-1
210,36,161.82,570.68,39.14,93.35,0.4564,-1,-1,-1
210,37,1645.36,559.72,50.41,123.50,0.5731,-1,-1,-1
211,32,1329.04,544.55,49.27,133.73,0.7634,-1,-1,-1
211,36,159.01,570.78,40.01,94.88,0.5727,-1,-1,-1
211,37,1651.17,565.48,48.46,119.69,0.5296,-1,-1,-1
212,32,1328.27,546.18,48.84,132.34,0.7383,-1,-1,-1
212,36,155.82,570.78,40.24,95.36,0.6044,-1,-1,-1
212,37,1655.44,560.39,50.77,126.36,0.5281,-1,-1,-1
213,32,1328.66,548.06,48.67,131.68,0.7345,-1,-1,-1
213,36,153.30,571.73,40.24,95.23,0.5522,-1,-1,-1
213,37,1654.27,561.09,52.60,128.56,0.4816,-1,-1,-1
214,32,1329.53,547.50,49.28,133.43,0.6757,-1,-1,-1
214,36,150.94,573.64,40.07,94.58,0.5941,-1,-1,-1
214,37,1657.29,560.41,53.26,128.46,0.5132,-1,-1,-1
215,32,1329.75,548.06,49.77,134.81,0.6778,-1,-1,-1
215,36,148.70,572.46,40.19,95.01,0.5917,-1,-1,-1
215,37,1666.18,559.53,53.11,129.67,0.5428,-1,-1,-1
216,32,1331.04,550.30,49.66,134.97,0.6689,-1,-1,-1
216,36,146.04,573.91,39.09,93.05,0.4253,-1,-1,-1
216,37,1672.98,562.78,51.22,126.42,0.6051,-1,-1,-1
217,32,1331.92,550.72,49.76,135.53,0.7014,-1,-1,-1
217,36,141.72,573.41,39.46,94.81,0.4762,-1,-1,-1
217,37,1678.54,561.98,50.15,124.92,0.4835,-1,-1,-1
218,32,1333.72,549.80,49.52,135.56,0.7457,-1,-1,-1
218,36,139.13,573.65,39.16,94.36,0.4896,-1,-1,-1
218,37,1680.73,562.10,52.45,127.26,0.4890,-1,-1,-1
219,32,1335.35,550.24,49.52,136.29,0.7612,-1,-1,-1
219,36,138.72,573.19,39.32,94.89,0.4862,-1,-1,-1
219,37,1690.22,561.72,51.66,126.31,0.5400,-1,-1,-1
220,32,1337.46,549.29,50.07,138.36,0.7627,-1,-1,-1
220,36,137.14,575.08,39.33,95.17,0.4596,-1,-1,-1
220,37,1696.00,563.59,51.05,124.91,0.5392,-1,-1,-1
221,32,1339.98,548.23,50.68,141.07,0.7531,-1,-1,-1
221,36,133.44,574.44,39.92,96.68,0.4649,-1,-1,-1
221,37,1702.48,565.92,49.81,123.16,0.5218,-1,-1,-1
222,32,1342.95,546.40,49.81,140.13,0.7572,-1,-1,-1
222,36,130.12,573.91,40.59,98.46,0.4811,-1,-1,-1
222,37,1704.88,561.63,52.76,127.09,0.5033,-1,-1,-1
223,32,1345.22,546.62,49.53,140.01,0.7557,-1,-1,-1
223,36,128.23,574.20,40.39,98.25,0.5022,-1,-1,-1
223,37,1714.81,562.97,51.80,126.15,0.5336,-1,-1,-1
224,32,1347.20,544.61,49.72,141.23,0.7570,-1,-1,-1
224,36,128.32,576.88,40.07,97.12,0.4719,-1,-1,-1
224,37,1720.62,561.64,51.51,126.08,0.4782,-1,-1,-1
225,32,1349.96,545.35,49.01,139.20,0.7485,-1,-1,-1
225,36,127.08,577.63,40.13,97.24,0.4994,-1,-1,-1
225,37,1728.89,556.45,53.00,129.14,0.5429,-1,-1,-1
226,32,1351.99,546.69,48.46,137.68,0.7008,-1,-1,-1
226,36,127.02,583.85,39.36,94.35,0.4238,-1,-1,-1
226,37,1734.49,557.32,52.89,126.82,0.5111,-1,-1,-1
227,32,1353.99,547.01,49.02,139.27,0.7483,-1,-1,-1
227,36,122.17,584.79,39.89,95.61,0.3098,-1,-1,-1
227,37,1743.17,558.24,52.34,126.39,0.5236,-1,-1,-1
228,32,1355.62,548.38,49.62,141.50,0.7463,-1,-1,-1
228,36,118.01,586.27,39.84,96.07,0.3373,-1,-1,-1
228,37,1750.90,554.82,53.34,128.69,0.5434,-1,-1,-1
229,32,1357.63,548.15,49.43,141.26,0.7454,-1,-1,-1
229,36,115.56,586.61,39.63,96.41,0.4067,-1,-1,-1
229,37,1755.86,557.12,53.87,128.07,0.5028,-1,-1,-1
230,32,1361.11,549.30,49.18,140.73,0.7491,-1,-1,-1
230,36,114.02,587.04,39.35,97.21,0.3009,-1,-1,-1
230,37,1764.63,555.93,53.55,127.44,0.5397,-1,-1,-1
231,32,1363.59,551.58,48.66,138.73,0.7345,-1,-1,-1
231,36,113.67,588.16,39.05,97.27,0.3338,-1,-1,-1
231,37,1774.37,553.92,54.83,130.25,0.5590,-1,-1,-1
232,32,1366.12,552.66,48.54,138.54,0.7349,-1,-1,-1
232,37,1780.67,553.71,56.16,131.31,0.5180,-1,-1,-1
233,32,1367.89,551.75,49.26,140.80,0.7661,-1,-1,-1
233,37,1791.08,556.64,55.37,128.94,0.5370,-1,-1,-1
234,32,1370.41,553.09,48.56,138.72,0.7041,-1,-1,-1
234,37,1796.92,559.08,56.44,128.95,0.4532,-1,-1,-1
235,32,1374.41,553.94,48.05,136.97,0.6636,-1,-1,-1
235,37,1808.03,559.33,56.39,128.94,0.4599,-1,-1,-1
236,32,1378.56,553.07,48.41,136.76,0.7028,-1,-1,-1
236,37,1822.49,554.02,55.21,126.10,0.5267,-1,-1,-1
237,32,1381.99,552.05,49.15,137.17,0.6999,-1,-1,-1
237,37,1834.53,549.61,55.55,126.41,0.5034,-1,-1,-1
238,32,1384.76,552.91,49.08,136.71,0.7134,-1,-1,-1
238,37,1843.98,546.73,58.91,134.73,0.5070,-1,-1,-1
239,32,1387.02,553.39,49.40,137.15,0.6842,-1,-1,-1
239,37,1850.22,545.02,61.41,139.72,0.4651,-1,-1,-1
240,32,1389.76,550.63,50.71,141.28,0.7217,-1,-1,-1
240,37,1861.99,543.41,58.83,134.64,0.4512,-1,-1,-1
241,32,1393.76,548.32,51.48,144.59,0.7552,-1,-1,-1
241,37,1867.28,545.67,58.69,136.63,0.4767,-1,-1,-1
242,32,1398.53,548.10,51.63,145.88,0.6746,-1,-1,-1
243,32,1403.21,550.14,50.52,143.45,0.6901,-1,-1,-1
244,32,1408.93,553.77,49.24,139.92,0.7140,-1,-1,-1
245,32,1414.82,555.40,48.72,139.22,0.7655,-1,-1,-1
246,32,1420.57,554.64,49.02,140.84,0.7619,-1,-1,-1
247,32,1425.84,555.64,48.92,141.13,0.7415,-1,-1,-1
248,32,1432.29,556.33,48.93,141.65,0.7561,-1,-1,-1
249,32,1437.90,554.68,49.66,144.90,0.7948,-1,-1,-1
250,32,1444.29,549.80,50.66,148.82,0.7218,-1,-1,-1
251,32,1450.14,545.38,51.94,155.66,0.7527,-1,-1,-1
252,32,1457.49,547.61,50.38,152.32,0.7404,-1,-1,-1
253,32,1464.43,542.18,51.12,156.63,0.7455,-1,-1,-1
254,32,1470.24,539.62,51.20,158.29,0.7033,-1,-1,-1
255,32,1477.48,536.22,50.26,157.16,0.7114,-1,-1,-1
256,32,1486.13,537.98,49.77,156.41,0.7257,-1,-1,-1
257,32,1494.81,537.99,48.64,154.11,0.7083,-1,-1,-1
258,32,1503.99,543.59,47.65,151.23,0.6423,-1,-1,-1
259,32,1513.17,549.60,46.58,145.94,0.5939,-1,-1,-1
260,32,1518.41,550.81,48.76,146.99,0.6694,-1,-1,-1
261,32,1526.92,553.62,49.93,145.36,0.5765,-1,-1,-1
262,32,1533.54,561.98,50.00,136.06,0.4398,-1,-1,-1
276,38,18.37,600.09,46.43,104.86,0.6279,-1,-1,-1
277,38,19.71,598.97,47.26,106.75,0.6056,-1,-1,-1
278,38,20.89,598.07,48.21,108.96,0.5956,-1,-1,-1
279,38,23.54,598.27,48.58,109.84,0.6058,-1,-1,-1
280,38,25.13,599.49,49.30,111.56,0.6286,-1,-1,-1
281,38,26.11,601.25,49.84,112.68,0.6286,-1,-1,-1
282,38,28.24,604.08,49.23,111.28,0.6182,-1,-1,-1
283,38,30.63,608.65,48.24,109.02,0.6025,-1,-1,-1
284,38,32.46,610.13,48.47,109.66,0.6394,-1,-1,-1
284,41,1800.41,608.74,91.77,244.78,0.7479,-1,-1,-1
285,38,34.45,611.85,48.51,110.10,0.6388,-1,-1,-1
285,41,1819.86,611.66,92.16,245.89,0.8108,-1,-1,-1
285,42,1764.88,550.30,57.92,183.06,0.6448,-1,-1,-1
286,38,35.37,612.95,49.00,111.48,0.6464,-1,-1,-1
286,41,1833.51,610.88,93.56,251.10,0.7455,-1,-1,-1
286,42,1776.43,547.20,59.64,188.35,0.7142,-1,-1,-1
287,38,37.11,613.76,49.39,112.34,0.6323,-1,-1,-1
287,41,1845.96,614.65,92.29,251.68,0.7013,-1,-1,-1
287,42,1793.54,547.89,60.54,191.15,0.7020,-1,-1,-1
288,38,39.07,614.81,49.54,112.26,0.6126,-1,-1,-1
288,42,1807.34,547.70,61.91,194.51,0.6716,-1,-1,-1
289,38,39.87,615.04,50.21,113.65,0.5697,-1,-1,-1
289,42,1820.77,544.80,63.06,197.77,0.7279,-1,-1,-1
290,38,41.76,613.52,51.24,115.78,0.6098,-1,-1,-1
290,42,1836.42,543.85,64.12,199.51,0.7608,-1,-1,-1
291,38,44.45,613.79,52.43,118.05,0.6152,-1,-1,-1
291,42,1847.58,539.20,65.18,203.82,0.7573,-1,-1,-1
292,38,45.31,612.98,53.73,121.05,0.6634,-1,-1,-1
292,42,1858.52,540.21,65.25,205.53,0.7129,-1,-1,-1
293,38,46.83,614.81,54.31,122.62,0.6508,-1,-1,-1
293,42,1867.98,539.98,64.38,208.06,0.6244,-1,-1,-1
294,38,48.28,618.30,53.72,121.13,0.6003,-1,-1,-1
295,38,49.28,620.34,53.47,119.75,0.6144,-1,-1,-1
296,38,50.49,621.03,53.67,119.24,0.5635,-1,-1,-1
297,38,50.91,621.71,54.41,120.14,0.6090,-1,-1,-1
298,38,50.94,621.89,54.73,120.28,0.6082,-1,-1,-1
299,38,51.20,622.80,54.67,119.57,0.6155,-1,-1,-1
300,38,50.94,621.17,56.18,122.60,0.5867,-1,-1,-1
301,38,49.79,623.55,56.20,122.78,0.5044,-1,-1,-1
302,38,49.50,623.48,56.80,123.88,0.4920,-1,-1,-1
303,38,47.12,626.86,56.79,124.08,0.4652,-1,-1,-1
304,38,46.76,627.77,56.57,123.81,0.4480,-1,-1,-1
305,38,49.90,633.72,55.21,119.78,0.4621,-1,-1,-1
306,38,49.63,635.92,54.72,118.01,0.4345,-1,-1,-1
307,38,47.90,635.87,56.25,120.67,0.4808,-1,-1,-1
308,38,46.38,637.11,58.57,125.23,0.5546,-1,-1,-1
309,38,45.21,637.21,59.29,126.46,0.6164,-1,-1,-1
310,38,44.13,638.46,59.61,126.76,0.5955,-1,-1,-1
311,38,43.05,641.06,60.05,126.92,0.6292,-1,-1,-1
312,38,41.55,641.55,60.16,126.72,0.5799,-1,-1,-1
313,38,40.34,643.12,61.35,128.75,0.6416,-1,-1,-1
314,38,38.30,644.99,61.35,128.85,0.5439,-1,-1,-1
315,38,36.77,645.27,61.34,129.15,0.5438,-1,-1,-1
316,38,33.92,645.65,61.34,129.98,0.4176,-1,-1,-1
317,38,32.53,646.24,61.14,130.84,0.3997,-1,-1,-1
318,38,31.72,647.33,60.91,131.44,0.4660,-1,-1,-1
319,38,30.62,648.70,60.38,131.55,0.4419,-1,-1,-1
320,38,28.30,648.29,61.03,133.52,0.4502,-1,-1,-1
321,38,26.10,648.72,61.73,135.34,0.5092,-1,-1,-1
322,38,23.85,649.05,61.99,136.26,0.4720,-1,-1,-1
323,38,20.81,648.57,62.56,137.76,0.5179,-1,-1,-1
324,38,17.25,647.30,62.69,138.30,0.5101,-1,-1,-1
325,38,15.11,648.02,62.24,137.20,0.5181,-1,-1,-1
326,38,11.48,647.57,62.20,137.38,0.5601,-1,-1,-1
327,38,8.47,647.41,62.14,137.42,0.6158,-1,-1,-1
328,38,6.49,651.73,60.91,134.58,0.6030,-1,-1,-1
328,43,1418.92,595.45,64.35,155.41,0.6021,-1,-1,-1
329,38,5.39,650.09,60.32,135.44,0.4845,-1,-1,-1
329,43,1419.29,597.28,63.28,152.78,0.5802,-1,-1,-1
330,38,2.65,651.86,58.35,132.59,0.5153,-1,-1,-1
330,43,1420.78,596.77,63.72,154.22,0.5070,-1,-1,-1
331,38,0.70,651.83,57.72,132.81,0.5149,-1,-1,-1
331,43,1424.71,596.89,63.50,154.40,0.6447,-1,-1,-1
332,38,-2.61,647.86,56.68,133.07,0.5161,-1,-1,-1
332,43,1428.28,600.39,61.76,150.75,0.6267,-1,-1,-1
333,38,-5.47,646.33,55.58,133.48,0.5680,-1,-1,-1
333,43,1429.06,597.31,63.44,155.05,0.5239,-1,-1,-1
334,38,-7.36,646.38,53.60,132.58,0.5768,-1,-1,-1
334,43,1425.93,595.17,64.98,157.95,0.5211,-1,-1,-1
335,38,-9.30,646.13,51.82,133.20,0.4921,-1,-1,-1
335,43,1423.89,594.14,67.00,159.45,0.3427,-1,-1,-1
336,38,-10.60,647.43,49.90,133.98,0.5375,-1,-1,-1
336,43,1426.93,589.53,69.91,163.78,0.5722,-1,-1,-1
337,43,1430.84,591.21,71.86,167.02,0.6618,-1,-1,-1
338,43,1435.47,592.44,73.06,167.25,0.5655,-1,-1,-1
339,43,1436.78,596.65,75.05,167.70,0.7191,-1,-1,-1
340,43,1439.00,596.65,77.18,169.63,0.7526,-1,-1,-1
341,43,1440.00,599.81,78.82,171.55,0.7355,-1,-1,-1
342,43,1432.93,601.72,81.63,175.36,0.6930,-1,-1,-1
343,43,1437.72,610.54,79.17,172.01,0.6041,-1,-1,-1
344,43,1439.42,615.72,78.30,171.61,0.6753,-1,-1,-1
345,43,1439.48,618.44,80.45,178.99,0.6134,-1,-1,-1
346,43,1436.73,621.75,80.46,181.76,0.5912,-1,-1,-1
347,43,1433.07,625.94,81.54,185.07,0.5993,-1,-1,-1
348,43,1437.44,630.05,80.43,187.04,0.6564,-1,-1,-1
349,43,1438.77,634.24,80.76,190.68,0.6875,-1,-1,-1
350,43,1441.22,638.36,80.81,191.13,0.6503,-1,-1,-1
351,43,1442.04,644.42,80.58,189.36,0.7042,-1,-1,-1
352,43,1437.13,649.09,82.53,190.29,0.6594,-1,-1,-1
353,43,1439.87,651.88,84.01,191.69,0.6676,-1,-1,-1
354,43,1444.06,655.66,85.36,195.77,0.6894,-1,-1,-1
355,43,1445.11,657.35,85.56,196.58,0.6566,-1,-1,-1
356,43,1444.58,659.26,87.25,198.68,0.6952,-1,-1,-1
357,43,1447.27,664.99,86.95,198.14,0.7572,-1,-1,-1
358,43,1448.88,670.54,85.30,195.03,0.7842,-1,-1,-1
358,45,1578.55,647.18,84.62,190.87,0.6255,-1,-1,-1
359,43,1448.94,679.14,84.17,193.70,0.6677,-1,-1,-1
359,45,1581.29,649.29,86.29,194.36,0.6683,-1,-1,-1
360,43,1450.03,683.61,83.26,193.64,0.7213,-1,-1,-1
360,45,1582.80,654.68,87.60,197.04,0.6186,-1,-1,-1
361,43,1449.14,686.35,83.65,197.83,0.7348,-1,-1,-1
361,45,1583.56,660.50,87.48,196.24,0.6780,-1,-1,-1
362,43,1449.13,684.75,85.17,203.64,0.7320,-1,-1,-1
362,45,1582.96,661.78,89.57,201.04,0.6443,-1,-1,-1
363,43,1448.43,682.07,88.34,214.97,0.7406,-1,-1,-1
363,45,1581.73,662.00,90.91,204.92,0.5625,-1,-1,-1
364,43,1448.18,686.96,89.78,220.25,0.7584,-1,-1,-1
364,45,1576.88,662.64,93.50,212.73,0.6292,-1,-1,-1
365,43,1448.50,691.54,90.39,221.15,0.6988,-1,-1,-1
365,45,1574.93,665.28,93.34,215.07,0.5975,-1,-1,-1
366,43,1449.90,696.70,91.88,223.52,0.7253,-1,-1,-1
366,45,1572.08,664.95,93.58,218.62,0.6737,-1,-1,-1
367,43,1453.00,704.21,91.61,222.74,0.7107,-1,-1,-1
367,45,1570.16,663.26,97.11,229.87,0.6498,-1,-1,-1
368,43,1455.33,710.33,91.93,223.74,0.7127,-1,-1,-1
368,45,1569.59,664.01,98.58,235.65,0.6304,-1,-1,-1
369,43,1458.41,711.63,93.17,227.93,0.5707,-1,-1,-1
369,45,1570.25,664.12,98.93,239.12,0.6316,-1,-1,-1
370,43,1459.68,715.52,93.98,230.25,0.6383,-1,-1,-1
370,45,1566.68,663.56,100.16,241.59,0.6565,-1,-1,-1
371,43,1461.07,719.07,93.92,230.51,0.7186,-1,-1,-1
371,45,1564.72,666.29,100.66,239.73,0.6947,-1,-1,-1
372,43,1461.29,720.84,94.72,232.56,0.7244,-1,-1,-1
372,45,1562.41,668.47,102.83,241.83,0.6669,-1,-1,-1
373,43,1460.54,721.29,95.78,235.10,0.7239,-1,-1,-1
373,45,1564.06,671.02,104.62,244.73,0.6847,-1,-1,-1
374,43,1457.13,723.13,96.67,237.37,0.7138,-1,-1,-1
374,45,1563.53,676.23,105.40,244.92,0.6547,-1,-1,-1
375,43,1452.90,724.96,96.46,239.51,0.7044,-1,-1,-1
375,45,1562.50,675.46,105.98,246.29,0.6330,-1,-1,-1
376,43,1450.66,726.66,95.82,241.70,0.7020,-1,-1,-1
376,45,1559.89,678.36,105.26,244.90,0.6108,-1,-1,-1
377,43,1449.57,726.76,96.19,246.48,0.6784,-1,-1,-1
377,45,1556.16,682.17,102.76,239.54,0.5969,-1,-1,-1
378,43,1449.48,727.11,96.78,252.48,0.6445,-1,-1,-1
378,45,1550.91,683.58,103.86,242.83,0.6499,-1,-1,-1
379,43,1448.27,726.92,97.64,259.80,0.6688,-1,-1,-1
379,45,1544.22,680.08,104.62,247.70,0.7072,-1,-1,-1
380,43,1446.44,726.29,98.08,266.11,0.6928,-1,-1,-1
380,45,1538.30,680.05,105.21,251.41,0.6643,-1,-1,-1
381,43,1448.35,727.67,98.32,268.51,0.7050,-1,-1,-1
381,45,1526.35,680.11,105.79,257.43,0.6150,-1,-1,-1
382,43,1446.91,731.30,97.98,269.51,0.6865,-1,-1,-1
382,45,1522.39,678.97,104.22,260.05,0.5855,-1,-1,-1
383,43,1446.43,736.20,97.77,269.06,0.7161,-1,-1,-1
383,45,1520.65,684.55,100.28,254.21,0.5602,-1,-1,-1
383,50,1319.39,648.90,59.86,186.70,0.6668,-1,-1,-1
384,43,1445.06,740.02,98.77,270.96,0.7348,-1,-1,-1
384,45,1515.45,684.68,100.72,257.98,0.5851,-1,-1,-1
384,50,1315.09,647.88,60.22,188.28,0.6727,-1,-1,-1
385,43,1441.61,742.18,99.20,271.99,0.7481,-1,-1,-1
385,45,1514.68,687.77,98.66,254.04,0.6054,-1,-1,-1
386,43,1434.65,745.24,99.59,274.18,0.7487,-1,-1,-1
386,45,1511.76,692.81,98.35,253.48,0.5701,-1,-1,-1
387,43,1429.78,746.60,99.26,275.65,0.7025,-1,-1,-1
387,45,1506.14,693.89,99.23,256.29,0.6553,-1,-1,-1
388,43,1425.83,747.13,100.10,280.76,0.6605,-1,-1,-1
388,45,1497.03,685.48,104.08,269.19,0.5974,-1,-1,-1
389,43,1422.95,747.30,101.72,287.85,0.5931,-1,-1,-1
389,45,1490.27,683.97,106.56,273.97,0.6406,-1,-1,-1
390,43,1416.65,749.13,102.86,291.37,0.6095,-1,-1,-1
390,45,1487.72,689.12,105.21,269.64,0.5612,-1,-1,-1
391,43,1411.51,751.65,105.59,296.90,0.5774,-1,-1,-1
391,45,1487.07,705.92,99.14,250.26,0.5664,-1,-1,-1
392,43,1402.49,755.43,106.09,297.53,0.6735,-1,-1,-1
392,45,1478.26,708.11,100.94,251.75,0.5198,-1,-1,-1
393,43,1397.91,760.68,106.76,297.75,0.6515,-1,-1,-1
394,43,1389.71,764.19,107.21,299.65,0.5831,-1,-1,-1
395,43,1379.89,767.22,107.19,301.73,0.6790,-1,-1,-1
396,43,1372.71,771.19,107.40,302.92,0.7461,-1,-1,-1
397,43,1364.74,772.94,107.70,305.41,0.6440,-1,-1,-1
398,43,1359.04,771.60,108.57,306.50,0.5333,-1,-1,-1
399,43,1350.49,770.07,110.24,310.87,0.3335,-1,-1,-1
400,43,1341.86,770.98,110.35,310.79,0.3856,-1,-1,-1
401,43,1328.84,772.14,110.32,309.13,0.5653,-1,-1,-1
401,55,1281.81,553.43,42.14,129.99,0.6619,-1,-1,-1
402,43,1319.31,775.77,109.69,305.38,0.6448,-1,-1,-1
402,55,1273.29,552.01,42.00,129.20,0.4939,-1,-1,-1
402,56,1084.15,655.96,84.48,250.83,0.6523,-1,-1,-1
403,43,1309.29,767.25,113.54,313.07,0.6407,-1,-1,-1
403,55,1263.31,553.12,41.66,128.27,0.4628,-1,-1,-1
403,56,1069.95,656.05,93.14,275.57,0.6647,-1,-1,-1
404,43,1295.15,767.62,114.82,312.30,0.7311,-1,-1,-1
404,55,1253.18,548.52,42.36,130.23,0.4947,-1,-1,-1
404,56,1065.70,659.05,95.72,283.51,0.6716,-1,-1,-1
405,43,1277.72,778.22,114.46,302.51,0.6210,-1,-1,-1
405,55,1241.22,546.39,43.25,133.68,0.4920,-1,-1,-1
405,56,1048.92,660.03,96.32,284.13,0.6304,-1,-1,-1
406,43,1244.81,782.00,119.54,298.06,0.5779,-1,-1,-1
406,55,1230.81,547.18,42.22,130.12,0.6197,-1,-1,-1
406,56,1026.61,661.51,97.76,285.43,0.7467,-1,-1,-1
407,43,1219.72,781.70,126.01,298.31,0.6123,-1,-1,-1
407,55,1218.80,543.56,44.46,137.26,0.5248,-1,-1,-1
407,56,1008.35,663.93,99.66,287.50,0.5517,-1,-1,-1
408,43,1212.34,790.53,125.75,288.74,0.5678,-1,-1,-1
408,55,1207.20,545.13,43.68,134.09,0.5757,-1,-1,-1
408,56,998.18,666.97,100.54,289.54,0.6287,-1,-1,-1
409,43,1201.23,792.23,126.99,287.73,0.7033,-1,-1,-1
409,55,1195.17,543.20,44.85,137.46,0.5569,-1,-1,-1
409,56,976.82,666.04,102.90,292.86,0.6842,-1,-1,-1
410,43,1191.64,804.92,122.37,275.51,0.5441,-1,-1,-1
410,55,1182.54,542.81,44.79,136.65,0.5673,-1,-1,-1
410,56,953.33,668.19,104.48,294.77,0.7119,-1,-1,-1
411,43,1175.06,813.43,120.05,266.04,0.7390,-1,-1,-1
411,55,1169.27,540.74,45.86,140.05,0.3982,-1,-1,-1
411,56,937.62,669.51,105.02,294.38,0.5428,-1,-1,-1
412,43,1159.30,823.03,116.80,255.19,0.6996,-1,-1,-1
412,55,1155.29,540.41,45.38,137.44,0.5157,-1,-1,-1
412,56,916.26,667.73,109.53,300.66,0.6780,-1,-1,-1
413,43,1132.39,818.31,121.81,261.25,0.5992,-1,-1,-1
413,55,1139.89,541.40,45.50,138.11,0.4519,-1,-1,-1
413,56,901.42,669.75,110.94,300.40,0.6614,-1,-1,-1
414,43,1118.81,824.84,119.43,254.95,0.6701,-1,-1,-1
414,56,872.58,671.47,111.79,302.33,0.7009,-1,-1,-1
415,43,1090.41,822.82,122.11,256.54,0.5636,-1,-1,-1
415,56,845.68,671.93,113.32,304.87,0.7166,-1,-1,-1
415,59,1168.81,536.18,51.16,117.51,0.6299,-1,-1,-1
416,43,1073.18,827.52,119.87,250.16,0.6422,-1,-1,-1
416,56,816.12,672.63,114.02,307.76,0.7553,-1,-1,-1
417,43,1041.77,830.89,120.98,246.64,0.5397,-1,-1,-1
417,56,786.92,675.15,114.21,308.73,0.7304,-1,-1,-1
418,43,1023.13,834.10,120.50,245.17,0.6615,-1,-1,-1
418,56,756.59,676.00,114.98,311.37,0.7946,-1,-1,-1
419,43,1005.25,836.95,118.49,242.95,0.6643,-1,-1,-1
419,56,724.23,677.24,117.07,315.30,0.7996,-1,-1,-1
420,43,977.75,837.89,118.06,242.22,0.7124,-1,-1,-1
420,56,694.50,679.83,118.29,315.85,0.7663,-1,-1,-1
421,43,948.88,835.79,119.06,244.38,0.6579,-1,-1,-1
421,56,664.62,680.73,120.04,317.86,0.7828,-1,-1,-1
421,61,1755.29,578.21,69.90,201.72,0.6453,-1,-1,-1
421,55,1076.99,532.47,41.20,117.96,0.6502,-1,-1,-1
422,43,920.39,843.34,116.17,236.78,0.7687,-1,-1,-1
422,56,634.87,679.80,124.65,325.54,0.8119,-1,-1,-1
422,55,1060.03,529.99,42.21,116.57,0.5807,-1,-1,-1
423,43,889.34,848.61,114.55,231.53,0.7497,-1,-1,-1
423,56,606.42,682.60,125.54,325.32,0.7453,-1,-1,-1
423,55,1042.27,528.40,44.63,118.20,0.5553,-1,-1,-1
424,43,861.76,855.96,111.55,224.18,0.7105,-1,-1,-1
424,56,574.25,687.16,127.47,325.02,0.7652,-1,-1,-1
424,55,1023.57,528.64,45.87,116.61,0.5796,-1,-1,-1
424,63,1542.16,609.81,65.39,169.98,0.6043,-1,-1,-1
425,43,829.32,861.91,109.72,218.22,0.7476,-1,-1,-1
425,56,534.79,687.27,131.21,329.59,0.7404,-1,-1,-1
425,55,1002.79,527.88,48.02,119.90,0.5311,-1,-1,-1
425,63,1525.93,609.21,65.27,169.65,0.6158,-1,-1,-1
426,43,797.53,867.49,108.03,212.62,0.7128,-1,-1,-1
426,56,489.63,691.73,131.05,329.65,0.6080,-1,-1,-1
426,55,983.15,527.41,49.20,120.73,0.5633,-1,-1,-1
426,63,1508.67,609.71,64.22,167.15,0.5682,-1,-1,-1
426,64,1658.29,577.10,71.03,201.92,0.6671,-1,-1,-1
427,43,764.04,873.14,106.58,206.95,0.4977,-1,-1,-1
427,56,458.51,696.11,137.27,333.65,0.6912,-1,-1,-1
427,55,962.91,529.57,49.61,120.58,0.5067,-1,-1,-1
427,63,1490.57,608.27,65.56,170.58,0.5369,-1,-1,-1
428,43,729.98,883.71,102.75,195.93,0.5370,-1,-1,-1
428,56,425.42,699.44,143.44,339.96,0.5711,-1,-1,-1
428,55,942.51,529.77,51.20,123.20,0.5224,-1,-1,-1
428,63,1471.80,607.79,66.39,172.82,0.4352,-1,-1,-1
429,43,695.09,892.57,99.76,186.80,0.6580,-1,-1,-1
429,56,390.25,703.19,135.53,322.98,0.4227,-1,-1,-1
429,55,921.82,530.21,52.01,124.82,0.4321,-1,-1,-1
429,63,1454.63,609.17,68.81,178.89,0.4652,-1,-1,-1
430,43,653.34,903.08,97.77,176.38,0.6652,-1,-1,-1
430,56,342.83,707.63,141.94,331.45,0.7221,-1,-1,-1
430,55,898.72,530.58,53.13,126.13,0.3252,-1,-1,-1
430,63,1437.95,611.04,71.03,184.77,0.6185,-1,-1,-1
431,43,620.93,914.20,92.74,164.93,0.5316,-1,-1,-1
431,56,305.17,712.48,140.69,329.22,0.5726,-1,-1,-1
431,63,1417.30,614.89,71.04,183.98,0.4846,-1,-1,-1
432,43,582.80,925.07,88.46,154.42,0.6391,-1,-1,-1
432,56,258.67,716.03,148.87,344.63,0.3326,-1,-1,-1
432,63,1403.81,617.88,70.66,181.34,0.4413,-1,-1,-1
433,43,541.69,936.47,84.77,143.40,0.6462,-1,-1,-1
433,56,220.02,724.14,144.48,331.57,0.5648,-1,-1,-1
433,63,1386.24,624.47,71.13,180.39,0.3765,-1,-1,-1
434,43,499.40,947.58,80.08,130.48,0.6239,-1,-1,-1
434,56,155.55,728.69,142.37,337.85,0.6667,-1,-1,-1
434,63,1367.94,625.92,73.34,182.82,0.5637,-1,-1,-1
434,67,300.46,878.25,202.44,201.75,0.7393,-1,-1,-1
435,43,452.12,959.96,76.80,118.97,0.6150,-1,-1,-1
435,56,102.47,734.23,139.60,341.26,0.6873,-1,-1,-1
435,63,1348.89,629.12,73.67,181.63,0.5609,-1,-1,-1
435,67,268.33,886.68,193.71,193.32,0.7124,-1,-1,-1
436,43,402.51,968.33,75.72,111.37,0.5863,-1,-1,-1
436,56,50.43,736.25,137.24,343.07,0.7330,-1,-1,-1
436,63,1330.50,631.41,74.91,181.83,0.6079,-1,-1,-1
436,67,228.39,893.21,186.26,186.79,0.7745,-1,-1,-1
437,43,348.53,977.50,71.77,101.34,0.5183,-1,-1,-1
437,56,5.65,739.46,136.63,342.20,0.7426,-1,-1,-1
437,63,1309.32,633.08,76.46,182.69,0.6758,-1,-1,-1
437,67,181.51,903.01,175.93,176.99,0.7789,-1,-1,-1
438,63,1287.48,632.14,77.68,184.54,0.5936,-1,-1,-1
438,67,128.22,912.52,166.08,167.48,0.7473,-1,-1,-1
439,63,1265.91,632.68,77.23,183.62,0.5901,-1,-1,-1
439,67,71.72,921.19,157.34,158.81,0.7723,-1,-1,-1
440,63,1244.15,633.95,79.68,189.73,0.5396,-1,-1,-1
440,67,13.50,931.18,148.29,148.82,0.7368,-1,-1,-1
440,70,1159.77,653.79,87.17,238.84,0.6821,-1,-1,-1
441,63,1222.15,633.85,80.90,194.69,0.5350,-1,-1,-1
441,67,-22.96,941.84,134.83,138.16,0.5770,-1,-1,-1
441,70,1139.18,656.33,87.49,239.16,0.7630,-1,-1,-1
442,63,1203.43,636.54,79.94,194.57,0.5192,-1,-1,-1
442,67,-39.37,899.50,170.56,179.32,0.6595,-1,-1,-1
442,70,1114.04,667.82,84.91,230.75,0.7682,-1,-1,-1
443,63,1182.66,637.18,80.34,197.50,0.6803,-1,-1,-1
443,70,1092.73,674.73,84.15,226.13,0.7825,-1,-1,-1
444,63,1161.34,638.79,79.75,197.45,0.7124,-1,-1,-1
444,70,1064.40,677.71,86.18,229.20,0.7158,-1,-1,-1
445,63,1138.22,637.92,81.34,202.76,0.6517,-1,-1,-1
445,70,1035.16,678.52,88.05,232.82,0.7714,-1,-1,-1
446,63,1115.79,640.52,80.30,201.34,0.6798,-1,-1,-1
446,70,1004.74,677.59,90.92,239.62,0.7730,-1,-1,-1
446,76,1187.85,603.28,67.27,222.14,0.6724,-1,-1,-1
447,63,1089.69,643.73,80.54,202.91,0.6834,-1,-1,-1
447,70,975.37,674.01,94.32,249.14,0.6439,-1,-1,-1
447,76,1163.34,601.45,67.82,223.66,0.6953,-1,-1,-1
448,63,1066.01,641.62,80.46,204.47,0.6315,-1,-1,-1
448,70,943.90,672.21,95.92,253.81,0.6800,-1,-1,-1
448,76,1131.59,603.81,66.89,220.60,0.6608,-1,-1,-1
449,63,1041.38,640.37,81.74,208.23,0.6349,-1,-1,-1
449,70,916.16,671.28,100.75,265.08,0.6896,-1,-1,-1
449,76,1100.45,605.84,66.45,219.62,0.5668,-1,-1,-1
450,63,1018.48,642.45,79.12,203.69,0.5216,-1,-1,-1
450,70,884.06,675.24,98.76,260.19,0.6483,-1,-1,-1
450,76,1070.90,606.63,66.17,219.67,0.4625,-1,-1,-1
451,63,991.93,637.56,83.14,213.21,0.5234,-1,-1,-1
451,70,848.47,681.42,100.39,267.07,0.7650,-1,-1,-1
451,76,1037.79,607.38,68.20,227.83,0.3174,-1,-1,-1
451,78,1821.49,774.88,86.09,304.17,0.8401,-1,-1,-1
452,63,964.75,621.50,90.20,232.68,0.4451,-1,-1,-1
452,70,819.17,686.54,101.88,270.56,0.8028,-1,-1,-1
452,78,1806.42,774.37,87.09,303.49,0.8553,-1,-1,-1
453,63,940.69,618.66,91.73,237.13,0.5614,-1,-1,-1
453,70,789.32,691.94,101.82,269.32,0.7357,-1,-1,-1
453,78,1787.58,773.69,90.05,304.64,0.8488,-1,-1,-1
454,63,912.00,614.39,93.32,244.83,0.6743,-1,-1,-1
454,70,753.68,695.39,102.75,271.51,0.7773,-1,-1,-1
454,78,1760.18,771.72,94.38,307.53,0.8562,-1,-1,-1
455,63,884.34,616.22,93.14,247.75,0.7287,-1,-1,-1
455,70,717.56,698.85,103.25,273.86,0.7854,-1,-1,-1
455,78,1729.06,772.00,98.61,307.77,0.8523,-1,-1,-1
456,63,855.89,614.10,92.73,250.92,0.6912,-1,-1,-1
456,70,676.09,697.09,106.90,288.32,0.7836,-1,-1,-1
456,78,1693.77,767.92,104.47,311.35,0.8585,-1,-1,-1
457,63,825.36,619.73,92.55,251.49,0.5786,-1,-1,-1
457,70,636.33,696.84,110.20,303.33,0.7722,-1,-1,-1
457,78,1656.26,762.51,111.11,316.66,0.8524,-1,-1,-1
458,63,795.05,621.21,93.75,256.00,0.7007,-1,-1,-1
458,70,602.11,700.08,112.95,313.87,0.7407,-1,-1,-1
458,78,1619.01,760.41,116.91,318.38,0.8505,-1,-1,-1
459,63,771.14,657.62,83.29,223.81,0.4768,-1,-1,-1
459,70,561.93,703.51,114.83,322.44,0.7353,-1,-1,-1
459,78,1580.97,755.92,123.90,323.69,0.8502,-1,-1,-1
460,63,737.67,667.86,83.19,219.10,0.6046,-1,-1,-1
460,70,517.64,706.68,117.42,333.36,0.7355,-1,-1,-1
460,78,1543.40,756.52,128.83,323.26,0.8536,-1,-1,-1
461,63,703.63,650.00,90.92,242.30,0.6979,-1,-1,-1
461,70,473.12,720.08,116.52,332.51,0.7103,-1,-1,-1
461,78,1505.45,758.90,132.67,321.07,0.8649,-1,-1,-1
462,63,670.00,639.57,96.08,257.89,0.5890,-1,-1,-1
462,70,431.25,730.58,116.15,328.95,0.7560,-1,-1,-1
462,78,1470.19,769.48,133.35,310.56,0.8505,-1,-1,-1
463,63,639.21,645.48,97.71,259.34,0.7212,-1,-1,-1
463,70,388.78,738.68,117.60,329.94,0.7758,-1,-1,-1
463,78,1434.49,783.98,132.27,296.07,0.8486,-1,-1,-1
464,63,604.66,644.84,100.77,265.28,0.6788,-1,-1,-1
464,70,345.32,747.97,119.81,329.32,0.6680,-1,-1,-1
464,78,1399.99,798.42,131.25,281.63,0.8722,-1,-1,-1
465,63,567.01,646.93,103.13,268.34,0.7090,-1,-1,-1
465,70,299.89,750.44,124.41,331.68,0.7200,-1,-1,-1
465,78,1365.06,813.98,129.69,266.06,0.8568,-1,-1,-1
466,63,535.22,672.49,98.19,251.94,0.6716,-1,-1,-1
466,70,250.20,757.35,127.42,326.31,0.8048,-1,-1,-1
466,78,1330.19,826.59,129.18,253.45,0.8279,-1,-1,-1
467,63,498.66,681.11,99.53,251.30,0.6665,-1,-1,-1
467,70,198.27,763.19,130.34,320.68,0.8410,-1,-1,-1
467,78,1296.36,837.81,128.48,241.53,0.7981,-1,-1,-1
468,63,461.68,694.16,97.70,244.09,0.6066,-1,-1,-1
468,70,142.69,765.52,134.21,316.97,0.8536,-1,-1,-1
468,78,1261.96,848.57,128.15,231.22,0.8419,-1,-1,-1
469,63,421.84,697.51,99.77,245.77,0.5592,-1,-1,-1
469,70,84.52,773.00,136.66,308.74,0.8414,-1,-1,-1
469,78,1227.51,855.79,128.36,223.75,0.8573,-1,-1,-1
470,63,381.24,700.12,102.53,250.29,0.6652,-1,-1,-1
470,70,27.73,776.22,139.97,306.10,0.8448,-1,-1,-1
470,78,1191.00,856.96,131.74,222.90,0.8428,-1,-1,-1
471,63,343.02,700.42,104.67,254.61,0.6806,-1,-1,-1
471,70,-6.71,783.29,135.09,296.53,0.7705,-1,-1,-1
471,78,1151.61,855.39,136.11,224.31,0.8499,-1,-1,-1
472,63,302.29,700.17,105.96,257.06,0.6604,-1,-1,-1
472,78,1111.20,853.60,140.60,226.31,0.8267,-1,-1,-1
473,63,262.25,699.90,107.30,261.21,0.6885,-1,-1,-1
473,78,1070.77,852.76,144.49,227.22,0.8491,-1,-1,-1
474,63,220.73,703.47,106.38,261.00,0.6903,-1,-1,-1
474,78,1030.14,852.11,148.36,227.90,0.8508,-1,-1,-1
475,63,176.86,702.72,108.44,268.56,0.7059,-1,-1,-1
475,78,987.40,851.98,150.94,227.70,0.8338,-1,-1,-1
476,63,131.74,705.13,109.94,272.06,0.7533,-1,-1,-1
476,78,943.77,858.08,149.37,221.82,0.7548,-1,-1,-1
477,63,83.00,705.33,112.90,279.60,0.7144,-1,-1,-1
477,78,906.70,863.21,150.53,216.76,0.6598,-1,-1,-1
478,78,864.90,868.83,151.32,211.17,0.7546,-1,-1,-1
479,78,821.06,880.24,148.10,199.77,0.6746,-1,-1,-1
480,78,775.58,889.70,145.98,190.32,0.6640,-1,-1,-1
481,78,724.28,884.38,153.03,195.63,0.7855,-1,-1,-1
482,78,687.26,880.69,155.13,199.32,0.7741,-1,-1,-1
483,78,629.67,879.15,157.76,200.59,0.8149,-1,-1,-1
483,88,1800.81,657.15,90.25,235.32,0.7170,-1,-1,-1
484,78,574.49,877.74,160.24,201.72,0.8335,-1,-1,-1
484,88,1762.54,656.37,91.70,238.89,0.6562,-1,-1,-1
485,78,520.77,878.56,160.84,200.85,0.8322,-1,-1,-1
485,88,1716.93,658.15,90.75,236.45,0.6314,-1,-1,-1
486,78,468.35,880.07,160.27,198.42,0.8497,-1,-1,-1
486,88,1676.66,657.37,81.62,212.27,0.6011,-1,-1,-1
487,78,416.22,887.81,156.23,190.86,0.8557,-1,-1,-1
487,88,1634.79,659.05,78.74,204.24,0.3948,-1,-1,-1
488,78,365.10,898.83,150.22,180.13,0.8582,-1,-1,-1
488,88,1597.85,659.98,64.55,164.47,0.3911,-1,-1,-1
489,78,317.34,912.85,141.37,165.81,0.8445,-1,-1,-1
489,88,1558.59,660.85,57.69,144.76,0.3816,-1,-1,-1
490,78,269.16,926.40,132.81,152.51,0.8214,-1,-1,-1
490,88,1516.51,666.20,56.07,137.77,0.4470,-1,-1,-1
491,78,222.14,942.19,123.09,137.47,0.8063,-1,-1,-1
492,78,171.59,950.94,118.73,128.99,0.8022,-1,-1,-1
493,78,119.39,958.97,115.21,121.03,0.8062,-1,-1,-1
494,78,61.81,965.48,112.69,114.55,0.7975,-1,-1,-1
495,78,9.18,967.71,112.00,112.24,0.8047,-1,-1,-1
496,78,-28.31,968.65,106.03,111.35,0.5919,-1,-1,-1
507,108,695.46,699.12,97.59,309.15,0.7068,-1,-1,-1
507,110,1826.31,654.23,61.81,181.63,0.7320,-1,-1,-1
508,108,659.39,708.22,101.75,321.16,0.7299,-1,-1,-1
508,110,1796.22,659.52,61.26,179.07,0.6041,-1,-1,-1
509,108,609.90,716.04,102.14,321.41,0.7480,-1,-1,-1
509,110,1757.79,660.69,62.04,180.20,0.7211,-1,-1,-1
510,108,557.92,723.52,104.26,327.93,0.6782,-1,-1,-1
510,110,1720.43,666.34,62.78,181.00,0.6902,-1,-1,-1
511,108,505.05,732.87,104.50,328.37,0.7495,-1,-1,-1
511,110,1682.92,668.63,63.49,182.31,0.7264,-1,-1,-1
512,108,442.98,743.22,104.37,322.17,0.7187,-1,-1,-1
512,110,1647.64,672.49,64.74,184.21,0.6744,-1,-1,-1
513,108,387.01,749.34,107.60,328.96,0.7005,-1,-1,-1
513,110,1610.74,673.12,66.29,188.44,0.6596,-1,-1,-1
513,120,1532.05,670.70,79.57,179.38,0.7514,-1,-1,-1
514,108,327.72,754.80,108.59,326.87,0.7654,-1,-1,-1
514,110,1574.72,673.24,69.28,195.13,0.6805,-1,-1,-1
514,120,1500.86,674.60,79.28,178.93,0.6380,-1,-1,-1
515,108,273.65,760.55,108.29,321.93,0.6420,-1,-1,-1
515,110,1538.70,674.20,70.37,198.33,0.6554,-1,-1,-1
515,120,1466.24,674.43,79.35,179.50,0.7028,-1,-1,-1
516,108,214.44,765.19,107.16,315.73,0.6316,-1,-1,-1
516,110,1505.76,678.26,70.74,199.02,0.6131,-1,-1,-1
516,120,1431.31,674.43,78.98,179.30,0.7503,-1,-1,-1
517,108,142.48,770.34,109.86,311.51,0.7482,-1,-1,-1
517,110,1473.85,675.65,71.74,201.17,0.6680,-1,-1,-1
517,120,1396.49,673.52,80.74,183.82,0.6918,-1,-1,-1
518,108,82.20,777.48,110.08,304.96,0.6758,-1,-1,-1
518,110,1438.71,680.87,68.25,194.76,0.6109,-1,-1,-1
518,120,1362.05,675.52,81.21,184.54,0.5467,-1,-1,-1
518,124,1837.12,731.80,68.43,274.53,0.6593,-1,-1,-1
519,108,22.64,784.56,110.95,297.61,0.8029,-1,-1,-1
519,110,1407.36,679.13,67.76,195.13,0.6635,-1,-1,-1
519,120,1326.12,675.85,82.30,186.35,0.6924,-1,-1,-1
519,124,1806.29,732.42,68.59,272.14,0.7417,-1,-1,-1
520,108,-16.54,791.15,106.10,289.95,0.3791,-1,-1,-1
520,110,1377.31,678.33,69.03,196.72,0.7171,-1,-1,-1
520,120,1291.51,675.96,83.35,188.14,0.7500,-1,-1,-1
520,124,1771.17,733.25,69.87,273.43,0.5995,-1,-1,-1
521,110,1346.89,679.28,70.61,201.77,0.7112,-1,-1,-1
521,120,1258.15,680.27,82.51,185.08,0.7217,-1,-1,-1
521,124,1733.75,732.17,71.82,275.44,0.5822,-1,-1,-1
522,110,1313.99,678.55,70.59,202.71,0.6762,-1,-1,-1
522,120,1226.13,680.57,82.50,185.31,0.7215,-1,-1,-1
522,124,1690.90,731.99,74.51,277.15,0.3797,-1,-1,-1
523,110,1281.58,679.49,71.86,205.61,0.7021,-1,-1,-1
523,120,1193.87,683.93,80.87,182.20,0.7331,-1,-1,-1
523,124,1662.12,730.17,75.11,271.15,0.6685,-1,-1,-1
524,110,1250.41,681.54,72.32,206.65,0.7239,-1,-1,-1
524,120,1162.96,686.46,81.27,184.35,0.7118,-1,-1,-1
524,124,1628.90,727.27,78.07,274.49,0.6905,-1,-1,-1
525,110,1215.57,679.18,74.24,212.40,0.6373,-1,-1,-1
525,120,1128.58,682.87,83.32,191.76,0.6775,-1,-1,-1
525,124,1596.32,727.57,80.45,274.54,0.7927,-1,-1,-1
526,110,1180.39,678.78,76.76,218.24,0.7257,-1,-1,-1
526,120,1095.24,685.09,83.38,194.55,0.7436,-1,-1,-1
526,124,1562.00,724.51,83.26,276.09,0.7742,-1,-1,-1
527,110,1145.74,681.47,77.70,219.87,0.6787,-1,-1,-1
527,120,1064.88,684.94,82.64,195.71,0.6846,-1,-1,-1
527,124,1528.86,723.31,84.87,274.17,0.5372,-1,-1,-1
528,110,1112.17,684.38,79.42,222.93,0.7574,-1,-1,-1
528,120,1031.51,685.92,83.58,200.85,0.6997,-1,-1,-1
528,124,1494.37,725.16,86.35,270.64,0.7009,-1,-1,-1
529,110,1073.77,687.59,82.58,227.07,0.7584,-1,-1,-1
529,120,998.20,687.45,85.02,207.01,0.7331,-1,-1,-1
529,124,1458.02,726.22,90.43,274.81,0.6292,-1,-1,-1
530,110,1038.69,690.60,85.14,229.79,0.6775,-1,-1,-1
530,120,965.04,694.59,84.96,209.07,0.6681,-1,-1,-1
530,124,1424.47,728.20,95.77,283.26,0.7403,-1,-1,-1
531,110,1004.89,695.76,87.65,231.25,0.7042,-1,-1,-1
531,120,933.00,698.65,83.57,207.21,0.6237,-1,-1,-1
531,124,1393.32,727.16,100.60,289.88,0.8185,-1,-1,-1
532,110,969.90,701.37,91.35,237.05,0.6895,-1,-1,-1
532,120,897.93,702.09,85.26,211.38,0.6622,-1,-1,-1
532,124,1366.07,731.80,103.89,290.73,0.7072,-1,-1,-1
533,110,939.54,702.76,93.55,241.44,0.7112,-1,-1,-1
533,120,862.32,706.65,84.91,210.02,0.6865,-1,-1,-1
533,124,1333.13,734.87,105.23,292.53,0.7369,-1,-1,-1
534,110,912.30,705.87,92.06,236.69,0.7622,-1,-1,-1
534,120,831.69,706.03,85.61,212.34,0.6525,-1,-1,-1
534,124,1302.92,737.16,106.17,293.59,0.7131,-1,-1,-1
535,110,879.95,707.81,93.80,242.43,0.7502,-1,-1,-1
535,120,799.38,706.06,88.21,220.60,0.6751,-1,-1,-1
535,124,1275.74,739.06,106.81,294.35,0.7396,-1,-1,-1
536,110,845.02,707.76,96.14,249.29,0.8327,-1,-1,-1
536,120,765.06,706.48,89.11,226.43,0.6747,-1,-1,-1
536,124,1249.59,738.94,106.84,293.98,0.7715,-1,-1,-1
537,110,813.22,710.06,96.07,252.08,0.7013,-1,-1,-1
537,120,727.88,705.28,89.76,235.06,0.6369,-1,-1,-1
537,124,1221.59,735.49,107.58,297.03,0.6899,-1,-1,-1
538,110,775.54,710.48,97.74,258.84,0.6952,-1,-1,-1
538,120,693.33,708.46,87.36,234.31,0.5697,-1,-1,-1
538,124,1194.87,736.04,106.80,295.32,0.7852,-1,-1,-1
539,110,740.87,713.61,99.74,266.57,0.7926,-1,-1,-1
539,120,660.29,712.91,85.56,232.72,0.7134,-1,-1,-1
539,124,1169.40,735.52,107.20,296.63,0.7507,-1,-1,-1
540,110,707.00,717.24,98.49,268.63,0.6594,-1,-1,-1
540,120,622.20,716.79,88.26,239.03,0.6407,-1,-1,-1
540,124,1139.58,737.53,108.66,301.76,0.7527,-1,-1,-1
541,110,670.97,722.87,100.61,274.30,0.6790,-1,-1,-1
541,120,580.58,721.48,92.53,246.76,0.7052,-1,-1,-1
541,124,1110.38,740.57,108.38,302.53,0.7251,-1,-1,-1
542,110,635.09,729.46,101.13,274.55,0.7086,-1,-1,-1
542,120,538.90,724.76,96.31,249.69,0.6912,-1,-1,-1
542,124,1075.23,747.93,111.82,309.98,0.6380,-1,-1,-1
543,110,598.16,735.18,103.13,280.40,0.7804,-1,-1,-1
543,120,501.32,730.64,101.37,255.23,0.7032,-1,-1,-1
543,124,1049.88,751.72,111.22,308.03,0.7283,-1,-1,-1
544,110,559.29,744.77,108.05,294.71,0.7091,-1,-1,-1
544,120,464.13,742.45,105.97,259.48,0.7274,-1,-1,-1
544,124,1023.41,758.11,111.52,309.25,0.7081,-1,-1,-1
545,110,525.72,747.68,108.47,295.92,0.7578,-1,-1,-1
545,120,432.92,746.88,106.35,252.49,0.7176,-1,-1,-1
545,124,992.92,757.07,113.61,314.44,0.7430,-1,-1,-1
545,140,881.80,584.04,47.20,112.22,0.7021,-1,-1,-1
546,110,488.68,750.11,110.90,302.45,0.7639,-1,-1,-1
546,120,394.89,746.69,109.90,258.36,0.7419,-1,-1,-1
546,124,968.96,758.24,112.65,311.69,0.6960,-1,-1,-1
546,140,863.15,584.86,47.10,111.94,0.7116,-1,-1,-1
547,110,453.46,753.52,109.50,300.70,0.8201,-1,-1,-1
547,120,356.74,748.06,110.94,263.21,0.7223,-1,-1,-1
547,124,939.66,756.67,114.31,313.57,0.7429,-1,-1,-1
547,140,842.62,584.68,47.35,112.28,0.7228,-1,-1,-1
548,110,413.20,754.27,110.10,305.52,0.7997,-1,-1,-1
548,120,315.12,751.51,113.12,271.59,0.7353,-1,-1,-1
548,124,915.19,760.83,112.45,306.94,0.7660,-1,-1,-1
548,140,822.95,584.91,47.52,112.25,0.7541,-1,-1,-1
549,110,374.07,757.92,111.84,311.12,0.7927,-1,-1,-1
549,120,277.13,758.07,112.37,272.06,0.7634,-1,-1,-1
549,124,887.23,755.92,114.55,310.68,0.7788,-1,-1,-1
549,140,801.60,582.69,48.34,113.56,0.7152,-1,-1,-1
550,110,336.70,760.36,113.37,313.90,0.7553,-1,-1,-1
550,120,236.30,759.76,114.43,281.29,0.7293,-1,-1,-1
550,124,861.78,757.90,114.70,310.23,0.7359,-1,-1,-1
550,140,782.14,583.09,49.33,115.44,0.7180,-1,-1,-1
551,110,292.51,764.77,111.87,310.36,0.7213,-1,-1,-1
551,120,191.15,762.50,117.64,294.30,0.7373,-1,-1,-1
551,124,842.37,769.60,110.70,299.52,0.6297,-1,-1,-1
551,140,762.58,584.60,49.70,116.14,0.6974,-1,-1,-1
552,110,247.32,768.43,112.53,311.52,0.7925,-1,-1,-1
552,120,148.24,767.65,119.66,304.57,0.6995,-1,-1,-1
552,124,805.05,732.74,125.98,342.59,0.7284,-1,-1,-1
552,140,745.12,584.75,49.76,115.30,0.7550,-1,-1,-1
553,110,200.14,775.49,111.66,306.50,0.7402,-1,-1,-1
553,120,102.33,773.08,119.00,307.26,0.6905,-1,-1,-1
553,124,784.91,739.91,124.05,339.06,0.7112,-1,-1,-1
553,140,726.13,583.01,51.06,117.52,0.7020,-1,-1,-1
554,110,153.41,781.86,111.44,300.87,0.7760,-1,-1,-1
554,120,60.32,780.45,115.99,301.92,0.7074,-1,-1,-1
554,124,763.71,751.97,120.18,328.17,0.7557,-1,-1,-1
554,140,706.61,582.23,52.08,119.07,0.7027,-1,-1,-1
555,110,111.78,793.57,110.23,289.20,0.7606,-1,-1,-1
555,120,16.90,789.29,112.52,293.39,0.7458,-1,-1,-1
555,124,732.62,757.63,119.16,318.06,0.7076,-1,-1,-1
555,140,688.23,583.84,51.95,118.79,0.7199,-1,-1,-1
556,110,64.16,803.44,108.30,278.64,0.7983,-1,-1,-1
556,120,-17.59,796.88,106.46,286.51,0.6618,-1,-1,-1
556,124,706.93,761.67,116.01,304.60,0.7482,-1,-1,-1
556,140,669.60,581.67,52.79,120.40,0.7647,-1,-1,-1
557,110,15.01,814.00,106.26,267.35,0.8289,-1,-1,-1
557,124,683.36,764.89,118.56,310.69,0.7032,-1,-1,-1
557,140,651.01,579.70,53.05,121.16,0.7397,-1,-1,-1
558,110,-19.04,818.97,99.45,259.21,0.7041,-1,-1,-1
558,124,656.21,764.78,119.38,310.95,0.7617,-1,-1,-1
558,140,632.45,577.34,54.50,124.30,0.7541,-1,-1,-1
559,124,630.42,765.52,120.26,311.13,0.8016,-1,-1,-1
559,140,614.57,576.46,55.02,125.86,0.7400,-1,-1,-1
560,124,606.72,761.82,122.55,317.48,0.7896,-1,-1,-1
560,140,596.30,579.34,54.90,125.99,0.7687,-1,-1,-1
561,124,579.50,759.08,124.12,321.17,0.8302,-1,-1,-1
561,140,579.13,576.25,56.81,130.05,0.7432,-1,-1,-1
562,124,552.61,758.12,124.90,322.44,0.7907,-1,-1,-1
562,140,561.68,579.06,56.99,130.03,0.7125,-1,-1,-1
563,124,527.69,757.19,124.80,323.26,0.8607,-1,-1,-1
563,140,545.45,582.21,57.60,130.57,0.7620,-1,-1,-1
564,124,502.47,758.48,124.44,322.05,0.8215,-1,-1,-1
564,140,531.19,584.73,57.04,128.52,0.6849,-1,-1,-1
565,124,476.20,760.76,124.43,319.76,0.7227,-1,-1,-1
565,140,513.53,584.23,58.50,131.38,0.7126,-1,-1,-1
566,124,447.34,765.08,125.13,315.40,0.7203,-1,-1,-1
566,140,497.44,585.17,59.06,131.05,0.7681,-1,-1,-1
567,124,424.59,775.02,123.27,305.41,0.8360,-1,-1,-1
567,140,481.68,587.20,59.91,132.38,0.7734,-1,-1,-1
568,124,395.40,783.06,123.13,296.38,0.7891,-1,-1,-1
568,140,463.99,587.80,61.05,134.12,0.7325,-1,-1,-1
569,124,371.04,788.86,124.31,291.12,0.7919,-1,-1,-1
569,140,445.93,588.27,62.90,136.12,0.6931,-1,-1,-1
570,124,344.31,790.70,126.42,288.77,0.7938,-1,-1,-1
570,140,429.85,588.33,64.34,138.55,0.7264,-1,-1,-1
571,124,318.82,794.82,127.90,285.13,0.8197,-1,-1,-1
571,140,414.45,590.63,64.85,138.89,0.7138,-1,-1,-1
572,124,294.35,797.99,127.99,279.93,0.5795,-1,-1,-1
572,140,398.23,594.19,64.99,138.08,0.6665,-1,-1,-1
573,124,277.73,798.90,116.38,245.56,0.5712,-1,-1,-1
573,140,381.27,594.51,66.60,141.32,0.7178,-1,-1,-1
574,124,239.37,800.12,129.41,267.96,0.5440,-1,-1,-1
574,140,366.42,597.07,67.10,141.46,0.7035,-1,-1,-1
575,124,218.56,800.71,120.98,242.99,0.6270,-1,-1,-1
575,140,348.43,598.24,67.57,140.96,0.7106,-1,-1,-1
576,124,181.52,805.55,132.36,261.23,0.6867,-1,-1,-1
576,140,330.79,598.85,69.47,144.14,0.7441,-1,-1,-1
577,124,161.02,808.43,121.68,231.44,0.5247,-1,-1,-1
577,140,314.48,599.50,70.24,144.46,0.6863,-1,-1,-1
578,124,122.96,811.48,136.18,254.90,0.4211,-1,-1,-1
578,140,296.09,598.29,72.62,148.80,0.7531,-1,-1,-1
579,124,101.11,817.33,125.59,225.96,0.5873,-1,-1,-1
579,140,277.91,598.14,73.77,151.64,0.7546,-1,-1,-1
580,124,67.25,822.80,134.84,238.40,0.4697,-1,-1,-1
580,140,263.03,600.20,73.60,151.12,0.6790,-1,-1,-1
581,124,27.58,828.46,142.12,245.38,0.7612,-1,-1,-1
581,140,244.99,597.81,76.16,156.93,0.7598,-1,-1,-1
582,124,4.34,833.33,143.39,245.26,0.8050,-1,-1,-1
582,140,228.25,598.58,76.25,158.11,0.7674,-1,-1,-1
583,124,-9.32,836.46,138.30,237.52,0.6352,-1,-1,-1
583,140,211.34,599.46,77.40,159.97,0.7496,-1,-1,-1
584,124,-22.80,836.90,134.99,238.27,0.7330,-1,-1,-1
584,140,194.45,598.86,80.06,165.77,0.7856,-1,-1,-1
585,124,-33.23,843.26,127.16,234.81,0.7105,-1,-1,-1
585,140,181.00,600.47,81.70,170.74,0.8117,-1,-1,-1
586,140,165.98,603.80,81.48,170.56,0.7213,-1,-1,-1
587,140,153.75,606.77,81.74,170.79,0.7766,-1,-1,-1
588,140,139.92,609.02,82.88,173.39,0.7847,-1,-1,-1
589,140,126.49,611.99,83.50,174.12,0.7694,-1,-1,-1
590,140,112.97,613.71,84.97,177.14,0.7594,-1,-1,-1
591,140,97.73,614.35,85.73,179.39,0.7862,-1,-1,-1
591,142,1766.59,581.83,58.50,170.31,0.7534,-1,-1,-1
592,140,84.83,617.42,85.13,177.61,0.7912,-1,-1,-1
592,142,1766.66,579.59,57.92,168.33,0.7301,-1,-1,-1
593,140,70.48,617.71,86.95,181.76,0.7663,-1,-1,-1
593,142,1766.32,581.82,58.04,168.28,0.7708,-1,-1,-1
594,140,56.67,620.22,88.62,184.35,0.7571,-1,-1,-1
594,142,1764.84,580.59,59.57,171.88,0.7166,-1,-1,-1
595,140,42.42,621.05,90.03,187.90,0.7899,-1,-1,-1
595,142,1760.08,581.35,62.06,176.35,0.7262,-1,-1,-1
596,140,28.68,624.69,90.80,189.53,0.7928,-1,-1,-1
596,142,1758.59,581.14,63.77,178.01,0.7310,-1,-1,-1
597,140,14.41,626.44,92.01,192.18,0.7592,-1,-1,-1
597,142,1762.41,585.69,63.13,173.47,0.7489,-1,-1,-1
598,140,2.60,634.27,92.79,192.62,0.7891,-1,-1,-1
598,142,1766.27,586.12,63.69,171.67,0.7621,-1,-1,-1
599,140,-6.17,638.17,92.15,193.19,0.7887,-1,-1,-1
599,142,1770.84,584.30,65.38,173.05,0.7710,-1,-1,-1
600,140,-11.72,645.49,90.00,192.24,0.7799,-1,-1,-1
600,142,1772.31,582.70,67.70,176.37,0.7862,-1,-1,-1
601,140,-16.81,649.57,87.39,192.70,0.7086,-1,-1,-1
601,142,1777.12,580.91,68.82,178.60,0.7812,-1,-1,-1
602,140,-19.24,659.32,80.90,185.48,0.5064,-1,-1,-1
602,142,1782.20,577.94,69.67,181.66,0.7091,-1,-1,-1
603,142,1786.04,578.84,69.36,182.44,0.6265,-1,-1,-1
604,142,1792.15,575.82,69.11,186.36,0.4709,-1,-1,-1
605,142,1800.51,580.10,66.37,183.88,0.5071,-1,-1,-1
606,145,1241.37,515.30,30.62,90.67,0.6174,-1,-1,-1
607,145,1242.98,515.17,30.74,91.11,0.6151,-1,-1,-1
608,145,1246.10,516.62,30.50,90.45,0.3066,-1,-1,-1
609,145,1250.46,518.17,30.34,89.81,0.5396,-1,-1,-1
610,145,1253.27,518.08,30.94,91.29,0.4888,-1,-1,-1
611,145,1254.64,516.67,32.21,95.53,0.4308,-1,-1,-1
612,145,1258.25,519.51,31.67,94.26,0.4562,-1,-1,-1
613,145,1262.17,522.15,31.09,92.78,0.5649,-1,-1,-1
613,147,265.28,498.84,51.70,144.71,0.6912,-1,-1,-1
614,145,1265.48,523.80,30.52,91.24,0.6230,-1,-1,-1
614,147,262.68,498.75,52.01,145.44,0.7440,-1,-1,-1
615,145,1267.63,524.69,30.43,90.98,0.6180,-1,-1,-1
615,147,258.99,497.97,52.46,146.72,0.7417,-1,-1,-1
616,145,1269.52,526.90,31.19,93.39,0.6309,-1,-1,-1
616,147,255.07,499.81,51.81,145.21,0.6219,-1,-1,-1
617,145,1272.09,528.22,31.83,95.67,0.5778,-1,-1,-1
617,147,253.34,501.22,51.01,143.01,0.6405,-1,-1,-1
618,145,1275.08,530.77,32.06,96.23,0.5522,-1,-1,-1
618,147,250.03,503.42,50.49,141.68,0.6317,-1,-1,-1
618,142,1851.66,609.95,70.28,198.05,0.6581,-1,-1,-1
619,145,1277.25,532.23,32.25,96.15,0.6064,-1,-1,-1
619,147,247.77,506.06,50.24,141.13,0.6438,-1,-1,-1
619,142,1855.86,609.58,69.59,202.72,0.6305,-1,-1,-1
620,145,1278.50,532.94,33.34,98.36,0.6345,-1,-1,-1
620,147,245.63,506.91,50.36,141.57,0.5905,-1,-1,-1
620,142,1860.61,610.26,67.78,206.38,0.6591,-1,-1,-1
621,145,1282.35,531.32,34.48,101.96,0.6011,-1,-1,-1
621,147,242.87,503.53,51.77,146.14,0.6202,-1,-1,-1
621,142,1866.33,610.57,64.44,206.89,0.5314,-1,-1,-1
622,145,1285.71,530.99,35.04,105.13,0.5723,-1,-1,-1
622,147,240.03,502.62,51.96,147.37,0.6673,-1,-1,-1
622,142,1871.24,611.42,59.83,201.85,0.6150,-1,-1,-1
623,145,1291.34,529.33,34.78,104.50,0.6337,-1,-1,-1
623,147,236.33,500.71,53.49,153.02,0.6347,-1,-1,-1
624,145,1295.63,530.42,35.21,105.51,0.6203,-1,-1,-1
624,147,234.68,500.15,53.12,153.17,0.6679,-1,-1,-1
625,145,1300.70,534.74,34.74,103.68,0.6304,-1,-1,-1
625,147,234.28,508.82,51.23,148.21,0.6579,-1,-1,-1
626,145,1306.56,532.39,36.68,107.67,0.5578,-1,-1,-1
626,147,235.30,518.68,47.92,137.75,0.6768,-1,-1,-1
627,145,1312.26,530.90,37.33,109.46,0.6457,-1,-1,-1
627,147,235.76,532.88,45.03,128.30,0.6338,-1,-1,-1
628,145,1318.23,531.69,37.25,108.68,0.6342,-1,-1,-1
628,147,236.47,538.37,44.01,123.96,0.6426,-1,-1,-1
629,145,1324.35,531.05,37.02,107.12,0.7123,-1,-1,-1
629,147,236.70,550.63,42.25,117.37,0.7022,-1,-1,-1
630,145,1331.89,530.73,37.75,107.58,0.6755,-1,-1,-1
630,147,237.01,551.69,42.98,118.19,0.6715,-1,-1,-1
631,145,1339.15,529.41,38.31,109.29,0.6769,-1,-1,-1
631,147,238.75,553.25,43.44,117.13,0.6435,-1,-1,-1
632,145,1346.52,530.78,38.44,108.91,0.7132,-1,-1,-1
632,147,240.46,554.62,44.56,118.18,0.6209,-1,-1,-1
633,145,1354.74,534.59,38.93,108.88,0.6610,-1,-1,-1
633,147,241.30,552.69,46.69,121.94,0.6099,-1,-1,-1
634,145,1363.12,536.39,38.76,107.95,0.6405,-1,-1,-1
634,147,241.08,553.38,47.69,124.08,0.6022,-1,-1,-1
635,145,1369.48,533.13,41.75,115.79,0.7261,-1,-1,-1
635,147,242.42,550.78,49.17,127.11,0.5529,-1,-1,-1
636,145,1377.75,537.50,41.36,114.30,0.6076,-1,-1,-1
636,147,243.60,550.57,49.93,128.84,0.5862,-1,-1,-1
637,145,1387.22,538.25,41.61,115.41,0.4784,-1,-1,-1
637,147,244.51,543.50,53.31,137.76,0.5289,-1,-1,-1
638,145,1395.97,538.48,43.27,120.13,0.6066,-1,-1,-1
638,147,244.59,536.56,56.33,146.59,0.6135,-1,-1,-1
639,145,1408.42,547.56,40.89,114.46,0.4551,-1,-1,-1
639,147,246.56,536.96,56.86,148.65,0.6487,-1,-1,-1
640,145,1418.42,552.50,39.33,109.47,0.3656,-1,-1,-1
640,147,247.97,535.81,57.53,151.96,0.6525,-1,-1,-1
641,145,1429.46,553.54,38.23,106.43,0.5201,-1,-1,-1
641,147,251.14,537.69,57.08,152.05,0.6611,-1,-1,-1
642,145,1441.17,558.13,38.14,105.91,0.5630,-1,-1,-1
642,147,253.81,535.76,57.54,154.84,0.5651,-1,-1,-1
643,145,1454.10,561.75,35.77,98.86,0.3616,-1,-1,-1
643,147,255.21,532.16,58.75,160.51,0.5508,-1,-1,-1
644,147,257.12,530.26,58.48,162.88,0.4253,-1,-1,-1
645,147,264.82,557.43,49.73,137.40,0.3867,-1,-1,-1
646,147,270.79,568.75,46.60,128.25,0.4154,-1,-1,-1
647,147,270.31,546.68,53.35,150.45,0.4641,-1,-1,-1
648,147,276.98,558.68,49.23,138.61,0.5229,-1,-1,-1
649,147,279.07,542.94,52.20,149.39,0.4939,-1,-1,-1
650,147,281.70,535.30,54.66,158.42,0.5935,-1,-1,-1
651,147,287.05,531.72,56.06,164.33,0.4293,-1,-1,-1
652,147,297.19,545.97,48.38,141.05,0.5725,-1,-1,-1
653,147,306.03,554.02,45.20,132.22,0.3337,-1,-1,-1
654,147,310.34,556.04,45.37,133.93,0.5726,-1,-1,-1
655,147,313.86,531.13,51.70,156.34,0.4945,-1,-1,-1
656,147,321.23,531.64,53.17,163.43,0.5395,-1,-1,-1
657,147,329.12,531.29,54.25,169.64,0.5519,-1,-1,-1
658,147,343.31,560.57,46.72,145.05,0.3959,-1,-1,-1
659,147,350.58,581.24,44.86,136.47,0.3628,-1,-1,-1
660,147,359.15,588.47,43.70,131.80,0.4924,-1,-1,-1
661,147,363.22,592.05,44.41,131.78,0.5637,-1,-1,-1
662,147,370.45,596.57,44.01,127.22,0.5369,-1,-1,-1
663,147,380.29,599.73,42.71,121.87,0.5336,-1,-1,-1
664,147,386.79,595.74,44.57,124.14,0.6049,-1,-1,-1
665,147,394.68,597.88,44.34,119.60,0.4860,-1,-1,-1
666,147,402.00,595.36,46.29,119.63,0.6449,-1,-1,-1
667,147,407.48,589.88,50.80,124.93,0.5617,-1,-1,-1
668,147,411.86,584.70,57.26,133.34,0.6016,-1,-1,-1
669,147,420.55,578.11,63.14,138.98,0.4365,-1,-1,-1
670,147,429.09,573.67,67.82,142.08,0.6277,-1,-1,-1
671,147,438.50,570.04,71.44,144.43,0.5765,-1,-1,-1
705,149,970.50,612.44,73.73,155.62,0.6481,-1,-1,-1
706,149,983.23,614.86,75.29,158.69,0.7583,-1,-1,-1
707,149,996.45,614.18,79.63,167.22,0.7423,-1,-1,-1
707,150,563.62,512.51,34.23,95.09,0.6616,-1,-1,-1
708,149,1005.50,615.36,83.33,172.81,0.6746,-1,-1,-1
708,150,565.77,516.45,34.38,95.60,0.6891,-1,-1,-1
709,149,1016.95,611.07,88.11,179.08,0.7636,-1,-1,-1
709,150,567.78,519.64,35.19,97.96,0.6430,-1,-1,-1
710,149,1031.12,618.53,91.03,180.94,0.7748,-1,-1,-1
710,150,574.10,528.33,33.13,92.05,0.6403,-1,-1,-1
711,149,1054.51,619.79,91.85,179.39,0.7111,-1,-1,-1
711,150,576.71,533.55,32.22,89.19,0.5305,-1,-1,-1
712,149,1075.81,629.47,92.69,179.00,0.4789,-1,-1,-1
712,150,577.94,535.98,33.36,91.90,0.7177,-1,-1,-1
713,150,578.02,536.38,34.24,93.89,0.7372,-1,-1,-1
714,150,579.97,541.74,35.66,97.68,0.6552,-1,-1,-1
714,149,1127.36,636.34,90.11,172.30,0.7374,-1,-1,-1
715,150,580.58,541.33,37.11,101.45,0.5902,-1,-1,-1
715,149,1144.21,636.54,91.30,173.17,0.7451,-1,-1,-1
716,150,581.87,544.21,37.18,101.49,0.5081,-1,-1,-1
716,149,1159.38,634.10,94.25,177.62,0.7684,-1,-1,-1
717,150,581.64,545.71,37.57,101.93,0.5572,-1,-1,-1
717,149,1175.83,631.49,97.35,182.49,0.7812,-1,-1,-1
718,150,584.47,551.63,36.34,98.73,0.4841,-1,-1,-1
718,149,1192.07,627.59,102.68,191.64,0.7914,-1,-1,-1
719,150,585.54,549.57,36.91,99.94,0.5349,-1,-1,-1
719,149,1212.03,631.42,104.15,193.17,0.6608,-1,-1,-1
720,150,586.47,551.89,37.66,101.53,0.5675,-1,-1,-1
720,149,1231.69,632.30,106.88,196.95,0.6718,-1,-1,-1
721,150,588.85,552.51,38.41,102.79,0.4913,-1,-1,-1
721,149,1258.78,635.62,98.20,180.25,0.4787,-1,-1,-1
722,150,591.79,554.12,38.33,102.72,0.5360,-1,-1,-1
722,149,1283.63,644.86,102.79,192.42,0.4726,-1,-1,-1
723,150,593.78,552.45,39.14,104.89,0.3706,-1,-1,-1
723,149,1308.06,653.46,103.41,193.70,0.4478,-1,-1,-1
724,150,594.70,560.10,38.63,103.77,0.4859,-1,-1,-1
724,149,1337.21,661.28,103.27,195.97,0.5486,-1,-1,-1
725,150,595.15,564.89,38.58,103.96,0.5707,-1,-1,-1
725,149,1362.44,663.90,105.30,202.67,0.7108,-1,-1,-1
726,150,596.83,566.33,38.34,103.48,0.5734,-1,-1,-1
726,149,1382.38,671.12,107.56,207.29,0.6203,-1,-1,-1
727,150,598.45,569.65,39.51,105.93,0.7153,-1,-1,-1
727,149,1418.71,672.71,94.30,184.58,0.4060,-1,-1,-1
728,150,599.50,570.05,39.93,106.18,0.6729,-1,-1,-1
728,149,1423.76,679.96,108.42,209.03,0.5803,-1,-1,-1
729,150,599.74,568.04,41.29,109.15,0.6381,-1,-1,-1
729,149,1441.23,681.20,115.48,218.38,0.7226,-1,-1,-1
730,150,601.13,569.89,42.32,110.99,0.5670,-1,-1,-1
731,150,601.93,566.89,44.08,114.78,0.6680,-1,-1,-1
732,150,603.02,566.11,44.91,116.54,0.6757,-1,-1,-1
733,150,603.74,567.85,44.88,116.02,0.6499,-1,-1,-1
733,149,1570.39,705.12,116.11,226.65,0.7019,-1,-1,-1
734,150,603.07,562.98,46.54,120.30,0.6868,-1,-1,-1
734,149,1592.63,708.08,117.41,229.78,0.6281,-1,-1,-1
735,150,603.24,563.15,47.13,121.80,0.6948,-1,-1,-1
735,149,1614.16,706.84,119.52,232.73,0.7441,-1,-1,-1
736,150,605.75,561.05,47.05,122.14,0.6750,-1,-1,-1
736,149,1634.34,706.46,126.20,243.86,0.7151,-1,-1,-1
737,150,606.98,561.71,47.04,122.31,0.6584,-1,-1,-1
737,149,1657.85,698.87,132.84,257.34,0.7946,-1,-1,-1
738,150,607.57,562.61,47.40,122.97,0.6593,-1,-1,-1
738,149,1686.50,705.53,135.77,262.41,0.7550,-1,-1,-1
739,150,608.43,564.46,47.90,123.72,0.6562,-1,-1,-1
739,149,1719.12,717.19,137.20,261.17,0.7532,-1,-1,-1
740,150,608.82,566.47,48.08,123.83,0.6847,-1,-1,-1
740,149,1749.26,733.31,134.92,254.10,0.7464,-1,-1,-1
741,150,608.97,568.45,48.33,124.22,0.6776,-1,-1,-1
741,149,1779.40,732.35,138.86,262.73,0.5816,-1,-1,-1
742,150,609.40,569.94,48.13,123.87,0.6455,-1,-1,-1
742,149,1809.97,748.81,131.68,258.12,0.4326,-1,-1,-1
743,150,608.86,571.51,49.00,125.31,0.6303,-1,-1,-1
744,150,607.38,572.15,49.76,126.97,0.6293,-1,-1,-1
745,150,606.11,573.38,50.60,128.61,0.6668,-1,-1,-1
746,150,604.27,574.19,51.20,130.27,0.6264,-1,-1,-1
747,150,603.55,575.06,51.88,132.30,0.6538,-1,-1,-1
748,150,602.98,575.57,52.17,133.31,0.6733,-1,-1,-1
749,150,602.91,577.20,51.78,132.37,0.6753,-1,-1,-1
750,150,602.57,579.43,51.23,130.77,0.6232,-1,-1,-1
